北京市平谷	117.1	40.13	-696
北京市密云	116.85	40.37	-756
北京市通县	116.67	39.92	-799
北京市顺义	116.65	40.13	-804
北京市怀柔	116.62	40.32	-811
北京市北京	116.46	39.92	-850
北京市大兴	116.33	39.73	-881
北京市昌平	116.2	40.22	-912
北京市房山	115.98	39.72	-965
北京市延庆	115.97	40.47	-967
天津市宁河	117.83	39.33	-521
天津市蓟县	117.4	40.05	-624
天津市宝坻	117.3	39.75	-648
天津市天津	117.2	39.13	-672
天津市武清	117.05	39.4	-708
天津市静海	116.92	38.93	-739
上海市南汇	121.76	31.05	422
上海市川沙	121.7	31.19	408
上海市宝山	121.48	31.41	355
上海市上海	121.48	31.22	355
上海市奉贤	121.46	30.92	350
上海市崇明	121.4	31.73	336
上海市松江	121.24	31	298
上海市嘉定	121.24	31.4	298
上海市金山	121.16	30.89	278
上海市青浦	121.1	31.15	264
重庆市巫山	109.86	31.1	-2434
重庆市巫溪	109.6	31.42	-2496
重庆市奉节	109.52	31.06	-2515
重庆市秀山	108.97	28.47	-2647
重庆市云阳	108.89	30.99	-2666
重庆市黔江	108.81	29.53	-2686
重庆市西阳	108.75	28.85	-2700
重庆市武隆	108.72	29.29	-2707
重庆市城口	108.67	31.98	-2719
重庆市开县	108.39	31.23	-2786
重庆市万州	108.35	30.83	-2796
重庆市彭水	108.19	29.29	-2834
重庆市石柱	108.13	29.98	-2849
重庆市忠县	108.03	30.33	-2873
重庆市梁平	107.78	30.66	-2933
重庆市丰都	107.7	29.89	-2952
重庆市涪陵	107.36	29.7	-3034
重庆市垫江	107.34	30.36	-3038
重庆市南川	107.13	29.15	-3089
重庆市南桐	107.04	29.86	-3110
重庆市长寿	106.64	29.01	-3206
重庆市綦江	106.56	29.41	-3226
重庆市重庆	106.54	29.59	-3230
重庆市合川	106.28	29.97	-3293
重庆市潼南	106.22	30.03	-3307
重庆市荣昌	106.21	29.62	-3310
重庆市壁山	106.03	29.86	-3353
重庆市万盛	105.91	29.38	-3382
重庆市铜梁	105.8	30.16	-3408
重庆市永川	105.71	29.75	-3430
重庆市大足	105.59	29.4	-3458
河北省秦皇岛	119.57	39.95	-103
河北省抚宁	119.22	39.88	-187
河北省昌黎	119.15	39.72	-204
河北省青龙	118.93	40.43	-257
河北省乐亭	118.9	39.43	-264
河北省卢龙	118.85	39.89	-276
河北省滦县	118.73	39.74	-305
河北省迁安	118.69	40.02	-314
河北省平泉	118.68	41.02	-317
河北省滦南	118.67	39.49	-319
河北省唐海	118.54	39.31	-350
河北省宽城	118.47	40.62	-367
河北省迁西	118.3	40.15	-408
河北省丰润	118.13	39.82	-449
河北省丰南	118.1	39.58	-456
河北省唐山	118.02	39.63	-475
河北省遵化	117.97	40.2	-487
河北省承德	117.93	40.97	-497
河北省玉田	117.9	39.9	-504
河北省海兴	117.85	38.17	-516
河北省围场	117.72	41.95	-547
河北省隆化	117.7	41.32	-552
河北省滦平	117.53	40.95	-593
河北省兴隆	117.48	40.42	-605
河北省黄骅	117.33	38.4	-641
河北省盐山	117.22	38.07	-667
河北省孟村	117.1	38.06	-696
河北省三河	117.06	39.97	-706
河北省香河	117	39.76	-720
河北省大厂	116.98	39.98	-725
河北省沧州	116.83	38.33	-761
河北省青县	116.8	38.58	-768
河北省廊坊	116.7	39.53	-792
河北省南皮	116.7	38.05	-792
河北省安次	116.69	39.52	-794
河北省丰宁	116.63	41.2	-809
河北省大城	116.63	38.7	-809
河北省泊头	116.56	38.08	-826
河北省东光	116.52	37.89	-835
河北省永清	116.48	39.32	-845
河北省文安	116.45	38.87	-852
河北省霸县	116.38	39.12	-869
河北省吴桥	116.37	37.65	-871
河北省固安	116.29	39.44	-890
河北省交河	116.27	38.02	-895
河北省景县	116.26	37.69	-898
河北省阜城	116.14	37.87	-926
河北省献县	116.12	38.2	-931
河北省雄县	116.1	38.98	-936
河北省任丘	116.08	38.72	-941
河北省河间	116.07	38.45	-943
河北省涿县	115.98	39.48	-965
河北省故城	115.96	37.36	-970
河北省武强	115.96	38.03	-970
河北省安新	115.92	38.92	-979
河北省武邑	115.9	37.81	-984
河北省容城	115.86	39.06	-994
河北省新城	115.84	39.34	-998
河北省肃宁	115.82	38.43	-1003
河北省赤城	115.82	40.92	-1003
河北省高阳	115.78	38.68	-1013
河北省定兴	115.78	39.28	-1013
河北省饶阳	115.74	38.24	-1022
河北省枣强	115.72	37.52	-1027
河北省衡水	115.72	37.72	-1027
河北省涞水	115.71	39.39	-1030
河北省沽源	115.68	41.68	-1037
河北省清河	115.67	37.07	-1039
河北省徐水	115.65	39.02	-1044
河北省蠡县	115.58	38.49	-1061
河北省冀县	115.56	37.59	-1066
河北省深县	115.56	38.02	-1066
河北省怀来	115.54	40.4	-1070
河北省临西	115.5	36.87	-1080
河北省安平	115.5	38.22	-1080
河北省易县	115.49	39.35	-1082
河北省保定	115.48	38.85	-1085
河北省清苑	115.47	38.76	-1087
河北省博野	115.46	38.46	-1090
河北省满城	115.45	38.95	-1092
河北省馆陶	115.4	36.47	-1104
河北省南官	115.37	37.37	-1111
河北省安国	115.3	38.41	-1128
河北省崇礼	115.25	40.98	-1140
河北省新河	115.22	37.53	-1147
河北省深泽	115.2	38.2	-1152
河北省涿鹿	115.2	40.37	-1152
河北省丘县	115.18	36.84	-1157
河北省束鹿	115.18	37.94	-1157
河北省望都	115.14	38.71	-1166
河北省广宗	115.14	37.06	-1166
河北省大名	115.14	36.28	-1166
河北省完县	115.12	38.84	-1171
河北省威县	115.08	36.97	-1181
河北省晋县	115.03	38.03	-1193
河北省巨鹿	115.03	37.22	-1193
河北省宣化	115.03	40.63	-1193
河北省平乡	115.02	37.06	-1195
河北省唐县	114.97	38.75	-1207
河北省无极	114.96	38.16	-1210
河北省魏县	114.94	36.37	-1214
河北省广平	114.94	36.49	-1214
河北省曲周	114.92	36.78	-1219
河北省宁普	114.9	37.62	-1224
河北省张家口	114.87	40.82	-1231
河北省藁城	114.84	38.03	-1238
河北省肥乡	114.8	36.56	-1248
河北省赵县	114.78	37.76	-1253
河北省隆尧	114.75	37.35	-1260
河北省万全	114.73	40.84	-1265
河北省南和	114.71	37	-1270
河北省张北	114.7	41.15	-1272
河北省曲阳	114.68	38.62	-1277
河北省成安	114.68	36.43	-1277
河北省任县	114.68	37.11	-1277
河北省柏乡	114.68	37.49	-1277
河北省涞源	114.67	39.37	-1279
河北省新乐	114.67	38.33	-1279
河北省栾城	114.64	38.87	-1286
河北省临漳	114.62	36.35	-1291
河北省康保	114.6	41.87	-1296
河北省高邑	114.58	37.62	-1301
河北省正定	114.56	38.13	-1306
河北省行唐	114.54	38.42	-1310
河北省蔚县	114.53	39.83	-1313
河北省沙河	114.52	36.94	-1315
河北省元氏	114.5	37.74	-1320
河北省临城	114.5	37.43	-1320
河北省内丘	114.5	37.28	-1320
河北省永年	114.5	36.77	-1320
河北省石家庄	114.48	38.03	-1325
河北省邢台	114.48	37.05	-1325
河北省邯郸	114.47	36.6	-1327
河北省怀安	114.38	40.67	-1349
河北省灵寿	114.38	38.31	-1349
河北省磁县	114.37	36.37	-1351
河北省赞皇	114.35	37.65	-1356
河北省平山	114.24	38.2	-1382
河北省武安	114.2	36.7	-1392
河北省阜平	114.18	38.85	-1397
河北省阳原	114.15	40.12	-1404
河北省井陉	114.13	38.03	-1409
河北省获鹿	114.03	38.08	-1433
河北省定县	114.02	38.52	-1435
河北省尚义	113.95	41.05	-1452
河北省鸡泽	113.85	36.95	-1476
河北省涉县	113.67	36.57	-1519
山东省荣成	122.41	37.16	578
山东省威海	122.1	37.5	504
山东省文登	122.05	37.2	492
山东省牟平	121.59	37.38	382
山东省乳山	121.52	36.89	365
山东省烟台	121.39	37.52	334
山东省福山	121.27	37.49	305
山东省海阳	121.17	36.76	281
山东省栖霞	120.83	37.28	199
山东省蓬莱	120.75	37.8	180
山东省长岛	120.73	37.91	175
山东省莱阳	120.71	36.97	170
山东省莱西	120.53	36.86	127
山东省黄县	120.51	37.64	122
山东省即墨	120.45	36.38	108
山东省崂山	120.42	36.15	101
山东省招远	120.38	37.35	91
山东省青岛	120.33	36.07	79
山东省胶县	120	36.28	0
山东省平度	119.97	36.77	-7
山东省胶南	119.97	35.88	-7
山东省掖县	119.93	37.18	-17
山东省高密	119.75	36.38	-60
山东省日照	119.46	35.42	-130
山东省诸城	119.42	35.99	-139
山东省昌邑	119.41	36.86	-142
山东省潍县	119.22	36.77	-187
山东省五莲	119.2	35.74	-192
山东省安丘	119.2	36.42	-192
山东省潍坊	119.1	36.62	-216
山东省昌乐	118.83	36.69	-281
山东省莒南	118.83	35.17	-281
山东省营县	118.83	35.57	-281
山东省临沭	118.73	34.89	-305
山东省寿光	118.73	36.86	-305
山东省沂水	118.64	35.78	-326
山东省垦利	118.54	37.59	-350
山东省临朐	118.53	36.5	-353
山东省东营	118.49	37.46	-362
山东省沂南	118.47	35.54	-367
山东省高都	118.47	36.69	-367
山东省广饶	118.41	37.04	-382
山东省青州	118.4	36.4	-384
山东省临沂	118.35	35.05	-396
山东省郯城	118.35	34.61	-396
山东省利津	118.25	37.49	-420
山东省沂源	118.17	36.18	-439
山东省沾化	118.14	37.7	-446
山东省桓台	118.12	36.95	-451
山东省博兴	118.12	37.12	-451
山东省淄博	118.05	36.78	-468
山东省滨州	118.03	37.36	-473
山东省仓山	118.03	34.84	-473
山东省滨县	117.97	37.47	-487
山东省费县	117.97	35.26	-487
山东省蒙阴	117.95	35.7	-492
山东省新泰	117.76	35.91	-538
山东省邹平	117.75	36.89	-540
山东省新汶	117.67	35.86	-559
山东省莱芜	117.67	36.19	-559
山东省高青	117.66	37.18	-562
山东省平邑	117.63	35.49	-569
山东省阳信	117.58	37.65	-581
山东省无棣	117.58	37.73	-581
山东省枣庄	117.57	34.86	-583
山东省章丘	117.53	36.72	-593
山东省庆云	117.37	37.37	-631
山东省惠民	117.31	37.49	-646
山东省泗水	117.27	35.65	-655
山东省乐陵	117.22	37.74	-667
山东省济阳	117.2	36.97	-672
山东省滕县	117.17	35.09	-679
山东省商河	117.15	37.31	-684
山东省泰安	117.13	36.18	-689
山东省微山	117.12	34.8	-691
山东省历城	117.07	36.69	-703
山东省济南	117	36.65	-720
山东省曲阜	116.98	35.59	-725
山东省邹县	116.97	35.39	-727
山东省临邑	116.86	37.2	-754
山东省兖州	116.83	35.54	-761
山东省宁津	116.8	37.64	-768
山东省宁阳	116.8	35.76	-768
山东省齐河	116.76	36.79	-778
山东省肥城	116.76	36.24	-778
山东省长清	116.73	36.55	-785
山东省禹城	116.66	36.95	-802
山东省鱼台	116.65	35	-804
山东省济宁	116.59	35.38	-818
山东省陵县	116.58	37.34	-821
山东省汶上	116.49	35.71	-842
山东省平阴	116.46	36.29	-850
山东省平原	116.44	37.16	-854
山东省嘉祥	116.34	35.41	-878
山东省金乡	116.32	35.07	-883
山东省东平	116.3	35.91	-888
山东省德州	116.29	37.45	-890
山东省茌平	116.27	36.58	-895
山东省高唐	116.23	36.86	-905
山东省东阿	116.23	36.32	-905
山东省梁山	116.1	35.8	-936
山东省巨野	116.08	35.38	-941
山东省武城	116.08	37.2	-941
山东省单县	116.07	34.82	-943
山东省夏津	116	36.95	-960
山东省聊城	115.97	36.45	-967
山东省郓城	115.94	35.59	-974
山东省成武	115.88	34.97	-989
山东省阳谷	115.78	36.11	-1013
山东省临清	115.72	36.68	-1027
山东省莘县	115.67	36.24	-1039
山东省定陶	115.57	35.07	-1063
山东省曹县	115.53	34.83	-1073
山东省鄄城	115.5	35.57	-1080
山东省冠县	115.45	35.47	-1092
山东省荷泽	115.43	35.24	-1097
山东省东明	115.08	35.31	-1181
浙江省嵊四	122.45	30.72	588
浙江省普陀	122.3	29.97	552
浙江省岱山	122.2	30.26	528
浙江省定海	122.11	30.03	506
浙江省象山	121.8	29.48	432
浙江省镇海	121.72	29.96	413
浙江省宁波	121.56	29.86	374
浙江省鄞县	121.56	29.86	374
浙江省椒江	121.44	28.67	346
浙江省宁海	121.42	29.3	341
浙江省奉化	121.41	29.66	338
浙江省三门	121.38	29.11	331
浙江省温岭	121.36	28.36	326
浙江省黄岩	121.27	28.64	305
浙江省慈溪	121.23	30.18	295
浙江省玉环	121.23	28.14	295
浙江省余姚	121.16	30.04	278
浙江省临海	121.13	28.8	271
浙江省洞头	121.12	27.84	269
浙江省天台	121.03	29.15	247
浙江省平湖	121.02	30.7	245
浙江省乐清	120.94	28.14	226
浙江省海盐	120.92	30.53	221
浙江省嘉善	120.92	30.84	221
浙江省新昌	120.89	29.49	214
浙江省上虞	120.87	30.03	209
浙江省嵊县	120.81	29.6	194
浙江省嘉兴	120.76	30.77	182
浙江省仙居	120.73	28.85	175
浙江省海宁	120.69	30.53	166
浙江省永喜	120.68	28.16	163
浙江省瓯海	120.65	28.01	156
浙江省温州	120.65	28.01	156
浙江省瑞安	120.62	27.8	149
浙江省缙云	120.6	28.66	144
浙江省绍兴	120.58	30.01	139
浙江省平阳	120.55	27.68	132
浙江省桐乡	120.54	30.64	130
浙江省苍南	120.36	27.53	86
浙江省余杭	120.3	30.43	72
浙江省青田	120.28	28.45	67
浙江省萧山	120.25	30.16	60
浙江省诸暨	120.23	29.71	55
浙江省东阳	120.23	29.27	55
浙江省杭州	120.19	30.26	46
浙江省湖州	120.1	30.86	24
浙江省文成	120.08	27.08	19
浙江省德清	120.08	30.54	19
浙江省义乌	120.06	29.32	14
浙江省永康	120.02	28.92	5
浙江省富阳	119.95	30.07	-12
浙江省丽水	119.92	28.45	-19
浙江省长兴	119.91	30.01	-22
浙江省浦江	119.88	29.46	-29
浙江省武义	119.81	28.9	-46
浙江省临安	119.72	30.23	-67
浙江省泰顺	119.7	27.57	-72
浙江省安吉	119.68	30.68	-77
浙江省桐庐	119.64	29.8	-86
浙江省金华	119.64	29.12	-86
浙江省云和	119.56	28.12	-106
浙江省兰溪	119.48	29.19	-125
浙江省松阳	119.48	28.46	-125
浙江省建德	119.27	29.49	-175
浙江省遂昌	119.25	28.59	-180
浙江省龙泉	119.13	28.08	-209
浙江省庆无	119.06	27.61	-226
浙江省淳安	119.05	29.61	-228
浙江省衢州	118.88	28.97	-269
浙江省江山	118.61	28.74	-334
浙江省常山	118.5	28.9	-360
浙江省开化	118.39	29.15	-386
四川省通江	108.24	31.95	-2822
四川省百沙	108.18	32	-2837
四川省万源	108.06	32.07	-2866
四川省开江	107.87	31.1	-2911
四川省宜汉	107.71	31.39	-2950
四川省达县	107.49	31.23	-3002
四川省大竹	107.21	30.75	-3070
四川省平昌	107.11	31.59	-3094
四川省渠县	106.94	30.85	-3134
四川省邻水	106.91	30.36	-3142
四川省南江	106.83	32.36	-3161
四川省华云	106.74	30.41	-3182
四川省巴中	106.73	31.86	-3185
四川省广安	106.61	30.48	-3214
四川省营山	106.57	31.07	-3223
四川省蓬安	106.44	31.04	-3254
四川省岳池	106.43	30.55	-3257
四川省仪陇	106.38	31.52	-3269
四川省旺苍	106.33	32.25	-3281
四川省武胜	106.3	30.38	-3288
四川省南充	106.06	30.8	-3346
四川省南部	106.03	31.34	-3353
四川省阆中	105.97	31.75	-3367
四川省苍溪	105.96	31.75	-3370
四川省光元	105.86	32.44	-3394
四川省西充	105.84	31.01	-3398
四川省古蔺	105.79	28.03	-3410
四川省合江	105.78	28.79	-3413
四川省蓬溪	105.74	30.78	-3422
四川省遂宁	105.58	30.52	-3461
四川省泸县	105.46	28.96	-3490
四川省剑阁	105.45	32.03	-3492
四川省叙水	105.44	28.19	-3494
四川省泸州	105.39	28.91	-3506
四川省纳溪	105.38	28.77	-3509
四川省盐亭	105.35	31.23	-3516
四川省射洪	105.31	30.9	-3526
四川省安岳	105.3	30.12	-3528
四川省隆昌	105.25	29.64	-3540
四川省青川	105.21	32.59	-3550
四川省梓潼	105.16	31.64	-3562
四川省三台	105.06	31.1	-3586
四川省兴文	105.06	28.36	-3586
四川省江安	105.06	28.71	-3586
四川省内江	105.04	29.59	-3590
四川省乐至	105.02	30.3	-3595
四川省富顺	104.97	29.24	-3607
四川省南溪	104.96	28.87	-3610
四川省双流	104.94	30.57	-3614
四川省长宁	104.91	28.6	-3622
四川省资中	104.85	29.81	-3636
四川省琪县	104.81	28.38	-3646
四川省绵阳	104.73	31.48	-3665
四川省威远	104.7	29.57	-3672
四川省江油	104.7	31.8	-3672
四川省中江	104.68	31.06	-3677
四川省资阳	104.6	30.19	-3696
四川省宜宾	104.56	29.77	-3706
四川省简阳	104.53	30.38	-3713
四川省筠连	104.53	28.16	-3713
四川省高县	104.52	28.4	-3715
四川省平武	104.52	32.42	-3715
四川省北川	104.44	31.89	-3734
四川省安县	104.41	31.64	-3742
四川省德阳	104.37	31.13	-3751
四川省金堂	104.32	30.88	-3763
四川省广汉	104.25	30.99	-3780
四川省南坪	104.19	33.23	-3794
四川省绵竹	104.19	31.32	-3794
四川省什邡	104.16	31.13	-3802
四川省屏由	104.15	28.68	-3804
四川省新都	104.13	30.82	-3809
四川省仁寿	104.09	30	-3818
四川省井研	104.06	29.67	-3826
四川省成都	104.06	30.67	-3826
四川省沐川	103.98	28.96	-3845
四川省彭县	103.94	30.99	-3854
四川省犍为	103.93	29.21	-3857
四川省茂汶	103.89	31.67	-3866
四川省郫县	103.86	30.8	-3874
四川省彭由	103.83	30.22	-3881
四川省青神	103.81	29.86	-3886
四川省眉由	103.81	30.05	-3886
四川省温江	103.81	30.97	-3886
四川省新津	103.78	30.42	-3893
四川省乐由	103.73	29.59	-3905
四川省崇庆	103.69	30.63	-3914
四川省雷波	103.62	28.21	-3931
四川省汶川	103.61	31.46	-3934
四川省松潘	103.61	32.64	-3934
四川省灌县	103.61	31.04	-3934
四川省夹江	103.59	29.75	-3938
四川省大邑	103.53	30.58	-3953
四川省丹棱	103.53	30.04	-3953
四川省马边	103.53	28.87	-3953
四川省娥眉	103.5	29.62	-3960
四川省邛崃	103.47	30.42	-3967
四川省洪雅	103.38	29.95	-3989
四川省蒲江	103.29	30.2	-4010
四川省峨边	103.25	29.23	-4020
四川省金阳	103.22	27.73	-4027
四川省理县	103.16	31.42	-4042
四川省美姑	103.14	28.33	-4046
四川省金口	103.13	29.24	-4049
四川省名山	103.06	30.09	-4066
四川省雅安	102.97	29.97	-4087
四川省黑水	102.95	32.06	-4092
四川省若尔盖	102.94	33.62	-4094
四川省芦山	102.91	30.17	-4102
四川省宝兴	102.84	30.36	-4118
四川省昭觉	102.83	28.03	-4121
四川省荣经	102.81	29.79	-4126
四川省布拖	102.8	27.7	-4128
四川省天全	102.78	30.09	-4133
四川省宁南	102.76	27.07	-4138
四川省甘洛	102.74	28.96	-4142
四川省汉源	102.66	29.4	-4162
四川省红原	102.55	31.79	-4188
四川省会东	102.55	26.74	-4188
四川省普格	102.52	27.38	-4195
四川省越西	102.49	28.66	-4202
四川省喜德	102.42	28.33	-4219
四川省石棉	102.38	29.21	-4229
四川省小金	102.34	30.97	-4238
四川省西昌	102.29	27.92	-4250
四川省泸定	102.25	29.92	-4260
四川省马尔康	102.22	31.92	-4267
四川省会理	102.21	26.67	-4270
四川省冕宁	102.15	28.58	-4284
四川省来易	102.15	26.9	-4284
四川省德昌	102.15	27.4	-4284
四川省金川	102.03	31.48	-4313
四川省康定	101.95	30.04	-4332
四川省丹巴	101.87	30.85	-4351
四川省阿坝	101.72	31.93	-4387
四川省盐边	101.56	26.9	-4426
四川省九龙	101.53	29.01	-4433
四川省盐源	101.51	27.42	-4438
四川省木里	101.25	27.9	-4500
四川省道孚	101.14	30.99	-4526
四川省雅江	101	30.03	-4560
四川省壤塘	100.97	32.3	-4567
四川省炉霍	100.65	31.38	-4644
四川省色达	100.35	32.3	-4716
四川省稻城	100.31	29.04	-4726
四川省新龙	100.28	30.96	-4733
四川省理塘	100.28	30.03	-4733
四川省甘孜	99.96	31.64	-4810
四川省乡城	99.78	28.93	-4853
四川省得荣	99.25	28.71	-4980
四川省巴塘	99	30	-5040
四川省白玉	98.83	32.23	-5081
四川省德格	98.57	31.81	-5143
四川省石渠	98.06	33.01	-5266
河南省永城	116.37	33.94	-871
河南省夏邑	116.13	34.22	-929
河南省虞城	115.87	34.4	-991
河南省台前	115.83	36	-1001
河南省固始	115.68	32.17	-1037
河南省商丘	115.65	34.44	-1044
河南省鹿邑	115.48	33.86	-1085
河南省范县	115.46	35.9	-1090
河南省商城	115.42	31.81	-1099
河南省淮滨	115.41	32.44	-1102
河南省宁陵	115.31	34.44	-1126
河南省柘城	115.29	34.08	-1130
河南省南乐	115.21	36.08	-1150
河南省郸城	115.17	33.63	-1159
河南省民权	115.13	34.65	-1169
河南省清丰	115.1	35.89	-1176
河南省沈丘	115.06	33.41	-1186
河南省睢县	115.04	34.46	-1190
河南省潢川	115.04	32.13	-1190
河南省濮阳	114.98	35.71	-1205
河南省新蔡	114.97	32.75	-1207
河南省光山	114.91	32.02	-1222
河南省项城	114.9	33.44	-1224
河南省淮阳	114.88	33.74	-1229
河南省内黄	114.88	35.95	-1229
河南省太康	114.85	34.06	-1236
河南省新县	114.83	31.62	-1241
河南省兰考	114.81	34.69	-1246
河南省杞县	114.77	34.56	-1255
河南省息县	114.72	32.35	-1267
河南省长垣	114.67	35.19	-1279
河南省周口	114.63	33.63	-1289
河南省平舆	114.62	32.97	-1291
河南省商水	114.59	33.54	-1298
河南省浚县	114.54	35.67	-1310
河南省罗山	114.53	32.21	-1313
河南省滑县	114.52	35.57	-1315
河南省西华	114.5	33.79	-1320
河南省通许	114.46	34.48	-1330
河南省扶沟	114.38	34.05	-1349
河南省正阳	114.38	32.62	-1349
河南省安阳	114.35	36.1	-1356
河南省开封	114.35	34.79	-1356
河南省汝南	114.35	33	-1356
河南省汤阴	114.35	35.92	-1356
河南省上蔡	114.26	33.25	-1378
河南省延津	114.19	35.14	-1394
河南省尉氏	114.17	34.41	-1399
河南省鄢县	114.17	34.11	-1399
河南省淇县	114.17	35.6	-1399
河南省鹤壁	114.17	35.9	-1399
河南省信阳	114.08	32.13	-1421
河南省汲县	114.05	35.44	-1428
河南省封丘	114.04	35.03	-1430
河南省驻马店	114.02	32.98	-1435
河南省确山	114.02	32.83	-1435
河南省漯河	114.02	33.56	-1435
河南省西平	114	33.38	-1440
河南省中牟	114	34.73	-1440
河南省郾城	113.98	33.6	-1445
河南省遂平	113.98	33.15	-1445
河南省原阳	113.96	35.05	-1450
河南省临颖	113.94	33.81	-1454
河南省新乡	113.85	35.31	-1476
河南省林县	113.81	36.06	-1486
河南省许昌	113.81	34.02	-1486
河南省长葛	113.77	34.22	-1495
河南省辉县	113.77	35.46	-1495
河南省新郑	113.71	34.4	-1510
河南省郑州	113.65	34.76	-1524
河南省获嘉	113.63	35.27	-1529
河南省舞阳	113.58	33.44	-1541
河南省禹县	113.47	34.16	-1567
河南省襄城	113.46	33.86	-1570
河南省修武	113.42	35.24	-1579
河南省桐柏	113.4	32.37	-1584
河南省武陟	113.38	35.1	-1589
河南省密县	113.35	34.51	-1596
河南省荥阳	113.35	34.79	-1596
河南省叶县	113.35	33.62	-1596
河南省泌阳	113.31	32.72	-1606
河南省平顶山	113.29	33.75	-1610
河南省焦作	113.21	35.24	-1630
河南省郏县	113.19	33.98	-1634
河南省温贺	113.06	34.94	-1666
河南省博爱	113.05	35.16	-1668
河南省宝丰	113.04	33.86	-1670
河南省登封	113.02	34.46	-1675
河南省方城	112.98	33.25	-1685
河南省巩县	112.96	34.76	-1690
河南省社旗	112.92	33.05	-1699
河南省沁阳	112.92	35.08	-1699
河南省鲁山	112.88	33.74	-1709
河南省唐河	112.83	32.7	-1721
河南省临汝	112.83	34.17	-1721
河南省偃师	112.77	34.73	-1735
河南省孟县	112.77	34.92	-1735
河南省济源	112.57	35.08	-1783
河南省南阳	112.53	33.01	-1793
河南省汝阳	112.46	34.16	-1810
河南省洛阳	112.44	34.7	-1814
河南省伊川	112.42	34.43	-1819
河南省孟津	112.42	34.84	-1819
河南省南召	112.4	33.49	-1824
河南省新野	112.36	32.51	-1834
河南省镇平	112.23	33.03	-1865
河南省宜阳	112.15	34.51	-1884
河南省新安	112.14	34.75	-1886
河南省邓县	112.08	32.68	-1901
河南省嵩县	112.07	34.14	-1903
河南省义马	111.92	34.73	-1939
河南省内乡	111.83	33.05	-1961
河南省渑池	111.75	34.76	-1980
河南省洛宁	111.65	34.39	-2004
河南省栾川	111.6	33.81	-2016
河南省西峡	111.5	33.31	-2040
河南省淅川	111.47	33.14	-2047
河南省陕县	111.19	34.76	-2114
河南省三门峡	111.19	34.76	-2114
河南省卢氏	111.03	34.06	-2153
河南省灵宝	110.85	34.52	-2196
辽宁省桓仁	125.33	41.28	1279
辽宁省新宾	125.02	41.72	1205
辽宁省清原	124.9	42.13	1176
辽宁省宽甸	124.77	40.75	1145
辽宁省西丰	124.7	42.77	1128
辽宁省丹东	124.37	40.13	1049
辽宁省东沟	124.13	39.97	991
辽宁省昌图	124.13	42.8	991
辽宁省凤城	124.05	40.47	972
辽宁省开原	124.03	42.53	967
辽宁省抚顺	123.97	41.97	953
辽宁省铁岭	123.85	42.32	924
辽宁省本溪	123.73	41.3	895
辽宁省铁法	123.5	42.48	840
辽宁省沈阳	123.38	41.8	811
辽宁省法库	123.37	42.52	809
辽宁省灯塔	123.34	41.43	802
辽宁省康平	123.33	42.75	799
辽宁省岫岩	123.25	40.3	780
辽宁省辽阳	123.17	41.28	761
辽宁省庄河	122.97	39.7	713
辽宁省鞍山	122.85	41.12	684
辽宁省新民	122.83	42	679
辽宁省海城	122.75	40.85	660
辽宁省辽中	122.7	41.52	648
辽宁省长海	122.58	39.28	619
辽宁省彰武	122.52	42.42	605
辽宁省台安	122.4	41.4	576
辽宁省盖县	122.37	40.42	569
辽宁省营口	122.18	40.65	523
辽宁省黑山	122.12	41.7	509
辽宁省大洼	122.06	41	494
辽宁省盘山	122.03	41.02	487
辽宁省复县	121.97	39.63	473
辽宁省新金	121.95	39.55	468
辽宁省北镇	121.8	41.6	432
辽宁省金县	121.7	39.13	408
辽宁省阜新	121.65	42	396
辽宁省大连	121.62	38.92	389
辽宁省锦县	121.35	41.17	324
辽宁省义县	121.22	41.55	293
辽宁省锦州	121.15	41.13	276
辽宁省锦西	120.83	40.77	199
辽宁省北票	120.75	41.82	180
辽宁省兴城	120.68	40.63	163
辽宁省朝阳	120.42	41.58	101
辽宁省绥中	120.32	40.35	77
辽宁省建昌	119.78	40.82	-53
辽宁省建平	119.63	41.38	-89
辽宁省凌源	119.37	41.27	-151
江苏省启东	121.66	31.8	398
江苏省如东	121.18	32.33	283
江苏省海门	121.15	31.89	276
江苏省太仓	121.1	31.45	264
江苏省昆山	120.95	31.39	228
江苏省南通	120.86	32.01	206
江苏省常熟	120.74	31.64	178
江苏省吴江	120.63	31.16	151
江苏省吴县	120.62	31.32	149
江苏省苏州	120.62	31.32	149
江苏省如皋	120.56	32.39	134
江苏省沙洲	120.55	31.86	132
江苏省海安	120.45	32.57	108
江苏省大丰	120.45	33.19	108
江苏省东台	120.31	32.84	74
江苏省无锡	120.29	31.59	70
江苏省射阳	120.26	33.77	62
江苏省江阴	120.26	31.91	62
江苏省靖江	120.26	32.03	62
江苏省泰县	120.15	32.51	36
江苏省盐城	120.13	33.38	31
江苏省泰兴	120.02	32.16	5
江苏省武进	119.95	31.78	-12
江苏省常州	119.95	31.79	-12
江苏省泰州	119.9	32.49	-24
江苏省滨海	119.84	34.01	-38
江苏省宜兴	119.82	31.36	-43
江苏省兴化	119.82	32.93	-43
江苏省扬中	119.81	32.24	-46
江苏省阜宁	119.79	33.78	-50
江苏省建湖	119.77	33.46	-55
江苏省响水	119.56	34.2	-106
江苏省金坛	119.56	31.74	-106
江苏省江都	119.55	32.43	-108
江苏省丹阳	119.55	32	-108
江苏省溧阳	119.48	31.43	-125
江苏省高邮	119.45	32.78	-132
江苏省镇江	119.44	32.2	-134
江苏省丹徒	119.44	32.2	-134
江苏省邗江	119.42	32.39	-139
江苏省扬州	119.42	32.39	-139
江苏省灌南	119.36	34.09	-154
江苏省宝应	119.32	33.23	-163
江苏省涟水	119.26	33.77	-178
江苏省灌云	119.23	34.3	-185
江苏省连云港	119.16	34.59	-202
江苏省句容	119.16	31.95	-202
江苏省仪征	119.16	32.27	-202
江苏省淮安	119.15	33.5	-204
江苏省赣榆	119.11	34.83	-214
江苏省淮阴	119.02	33.62	-235
江苏省金湖	119.02	33.01	-235
江苏省清江	119.02	33.59	-235
江苏省溧水	119.02	31.65	-235
江苏省高淳	118.87	31.32	-271
江苏省洪泽	118.85	33.28	-276
江苏省江宁	118.83	31.95	-281
江苏省六合	118.83	32.36	-281
江苏省沭阳	118.79	34.12	-290
江苏省南京	118.78	32.04	-293
江苏省东海	118.75	34.54	-300
江苏省泗阳	118.68	33.73	-317
江苏省江浦	118.62	32.07	-331
江苏省新沂	118.33	34.38	-401
江苏省宿迁	118.3	33.96	-408
江苏省泗洪	118.23	33.46	-425
江苏省盱眙	118.05	33	-468
江苏省邳县	117.97	34.3	-487
江苏省睢宁	117.94	33.89	-494
江苏省铜山	117.2	34.26	-672
江苏省徐州	117.2	34.26	-672
江苏省沛县	116.93	34.73	-737
江苏省丰县	116.57	34.79	-823
港澳台宜兰	121.75	24.75	420
港澳台基隆	121.73	25.14	415
港澳台台北	121.5	25.05	360
港澳台桃园	121.3	25	312
港澳台新竹	120.96	24.81	230
港澳台台中	120.67	24.15	161
港澳台高雄	120.37	22.64	89
港澳台台南	120.19	22.98	46
港澳台香港	114.1	22.2	-1416
港澳台澳门	113.33	22.13	-1601
安徽省广德	119.41	30.89	-142
安徽省郎溪	119.17	31.14	-199
安徽省天长	119	32.68	-240
安徽省宁国	118.95	30.62	-252
安徽省宣城	118.73	31.95	-305
安徽省绩溪	118.57	30.07	-343
安徽省旌得	118.53	30.28	-353
安徽省当涂	118.49	31.55	-362
安徽省马鞍山	118.48	31.56	-365
安徽省来安	118.44	32.44	-374
安徽省歙县	118.44	29.88	-374
安徽省泾县	118.41	30.68	-382
安徽省芜湖	118.38	31.33	-389
安徽省和县	118.37	31.7	-391
安徽省南陵	118.32	30.91	-403
安徽省滁州	118.31	32.33	-406
安徽省屯溪	118.31	29.72	-406
安徽省全椒	118.27	32.1	-415
安徽省繁昌	118.21	31.07	-430
安徽省休宁	118.19	29.81	-434
安徽省太平	118.13	30.28	-449
安徽省含山	118.11	31.7	-454
安徽省嘉山	117.98	32.78	-485
安徽省黟县	117.92	29.93	-499
安徽省泗县	117.89	33.49	-506
安徽省巢湖	117.87	31.62	-511
安徽省五河	117.87	33.14	-511
安徽省巢县	117.87	31.62	-511
安徽省青阳	117.84	30.64	-518
安徽省铜陵	117.82	30.93	-523
安徽省无为	117.75	31.3	-540
安徽省祁门	117.7	29.86	-552
安徽省定远	117.68	32.52	-557
安徽省吴壁	117.55	33.55	-588
安徽省贵池	117.48	30.66	-605
安徽省石台	117.48	30.19	-605
安徽省肥东	117.47	31.89	-607
安徽省凤阳	117.4	32.86	-624
安徽省蚌埠	117.34	32.93	-638
安徽省固镇	117.32	33.33	-643
安徽省卢江	117.29	31.23	-650
安徽省合肥	117.27	31.86	-655
安徽省纵阳	117.21	30.69	-670
安徽省怀远	117.19	32.95	-674
安徽省长丰	117.16	32.47	-682
安徽省肥西	117.15	31.7	-684
安徽省安庆	117.03	30.52	-713
安徽省东至	116.99	30.08	-722
安徽省淮南	116.98	32.62	-725
安徽省宿州	116.97	33.63	-727
安徽省宿县	116.97	33.63	-727
安徽省桐城	116.94	31.04	-734
安徽省舒城	116.94	31.45	-734
安徽省萧县	116.93	34.19	-737
安徽省寿县	116.78	32.57	-773
安徽省淮北	116.77	33.97	-775
安徽省濉溪	116.76	33.92	-778
安徽省毫县	116.76	33.86	-778
安徽省凤台	116.71	32.68	-790
安徽省望江	116.69	30.12	-794
安徽省怀宁	116.63	30.41	-809
安徽省蒙城	116.55	33.25	-828
安徽省潜山	116.53	30.62	-833
安徽省六安	116.49	31.73	-842
安徽省岳西	116.36	30.84	-874
安徽省砀山	116.34	34.42	-878
安徽省霍山	116.32	31.38	-883
安徽省太湖	116.27	30.42	-895
安徽省霍丘	116.27	32.32	-895
安徽省颖上	116.26	32.62	-898
安徽省涡阳	116.21	33.49	-910
安徽省利辛	116.19	33.12	-914
安徽省宿松	116.13	30.15	-929
安徽省金寨	115.87	31.67	-991
安徽省阜阳	115.81	32.89	-1006
安徽省太和	115.61	33.16	-1054
安徽省阜南	115.6	32.63	-1056
安徽省界首	115.34	33.24	-1118
安徽省临泉	115.24	33.06	-1142
吉林省珲春	130.35	42.85	2484
吉林省图们	129.83	42.98	2359
吉林省汪清	129.75	43.32	2340
吉林省延吉	129.52	42.93	2285
吉林省和龙	129	42.52	2160
吉林省安图	128.3	42.58	1992
吉林省敦化	128.18	43.35	1963
吉林省长白	128.17	41.43	1961
吉林省蛟河	127.33	43.75	1759
吉林省抚松	127.27	42.33	1745
吉林省舒兰	126.97	44.4	1673
吉林省九台	126.83	44.15	1639
吉林省靖宇	126.8	42.38	1632
吉林省桦甸	126.72	42.97	1613
吉林省永吉	126.57	43.87	1577
吉林省吉林	126.57	43.87	1577
吉林省榆树	126.55	44.83	1572
吉林省浑江	126.4	41.97	1536
吉林省集安	126.17	41.15	1481
吉林省磐石	126.03	42.93	1447
吉林省辉南	126.03	42.68	1447
吉林省通化	125.92	41.49	1421
吉林省柳河	125.7	40.88	1368
吉林省双阳	125.68	43.53	1363
吉林省德惠	125.68	44.52	1363
吉林省海龙	125.65	42.53	1356
吉林省东丰	125.5	42.68	1320
吉林省长春	125.35	43.88	1284
吉林省伊通	125.32	43.33	1277
吉林省农安	125.15	44.45	1236
吉林省辽源	125.15	42.97	1236
吉林省怀德	124.82	43.5	1157
吉林省扶余	124.82	45.2	1157
吉林省四平	124.37	43.17	1049
吉林省梨树	124.33	43.32	1039
吉林省大安	124.18	45.5	1003
吉林省乾安	124.02	45	965
吉林省长岭	123.97	44.3	953
吉林省双辽	123.5	43.52	840
吉林省通榆	123.13	44.82	751
吉林省白城	122.82	45.63	677
吉林省洮安	122.75	45.35	660
福建省福鼎	120.2	27.34	48
福建省霞浦	120	26.89	0
福建省柘荣	119.89	27.25	-26
福建省平潭	119.78	25.51	-53
福建省福安	119.65	27.09	-84
福建省罗源	119.55	26.49	-108
福建省连江	119.53	26.2	-113
福建省长乐	119.52	25.96	-115
福建省宁德	119.52	26.65	-115
福建省寿宁	119.5	27.47	-120
福建省福清	119.39	25.73	-146
福建省周宁	119.36	27.12	-154
福建省福州	119.3	26.08	-168
福建省闽侯	119.14	26.16	-206
福建省莆田	119	25.44	-240
福建省屏南	118.98	26.92	-245
福建省永泰	118.95	25.88	-252
福建省闽清	118.86	26.21	-274
福建省政和	118.85	27.38	-276
福建省惠安	118.78	25.04	-293
福建省松溪	118.77	27.53	-295
福建省吉田	118.74	26.59	-302
福建省仙游	118.7	25.37	-312
福建省泉州	118.58	24.93	-341
福建省晋江	118.57	24.82	-343
福建省浦城	118.55	27.92	-348
福建省南安	118.39	24.96	-386
福建省金门	118.34	24.43	-398
福建省建瓯	118.32	27.05	-403
福建省永春	118.3	25.34	-408
福建省德化	118.24	25.5	-422
福建省安溪	118.18	25.07	-437
福建省龙溪	118.17	26.18	-439
福建省南平	118.16	26.65	-442
福建省同安	118.15	24.74	-444
福建省厦门	118.1	24.46	-456
福建省崇安	118.02	27.76	-475
福建省大田	117.83	25.69	-521
福建省顺昌	117.8	26.8	-528
福建省龙海	117.79	24.44	-530
福建省沙县	117.77	26.41	-535
福建省长泰	117.75	24.62	-540
福建省三明	117.61	26.23	-574
福建省漳浦	117.61	24.12	-574
福建省华安	117.53	25	-593
福建省邵武	117.48	27.34	-605
福建省将乐	117.45	26.73	-612
福建省东山	117.4	23.72	-624
福建省漳平	117.4	25.3	-624
福建省永安	117.37	25.97	-631
福建省漳州	117.35	24.52	-636
福建省南靖	117.35	24.51	-636
福建省云霄	117.34	23.99	-638
福建省光泽	117.34	27.54	-638
福建省平和	117.3	24.38	-648
福建省明溪	117.18	26.36	-677
福建省诏安	117.16	23.73	-682
福建省泰宁	117.15	26.92	-684
福建省龙岩	117.01	25.12	-718
福建省建宁	116.82	26.85	-763
福建省清流	116.81	26.12	-766
福建省永定	116.81	24.76	-766
福建省连城	116.75	25.72	-780
福建省宁化	116.64	26.26	-806
福建省上杭	116.41	25.43	-862
福建省长汀	116.37	25.85	-871
福建省武平	116.1	25.11	-936
山西省灵丘	114.2	39.47	-1392
山西省天镇	114.08	40.42	-1421
山西省阳高	113.72	40.38	-1507
山西省昔阳	113.68	37.62	-1517
山西省浑源	113.68	39.7	-1517
山西省平定	113.62	37.79	-1531
山西省阳泉	113.57	37.85	-1543
山西省和顺	113.55	37.33	-1548
山西省平顺	113.43	36.19	-1577
山西省黎城	113.4	36.56	-1584
山西省盂县	113.37	38.01	-1591
山西省左权	113.35	37.07	-1596
山西省五台	113.32	38.72	-1603
山西省大同	113.3	40.12	-1608
山西省繁峙	113.28	39.2	-1613
山西省陵川	113.27	35.78	-1615
山西省广灵	113.27	39.75	-1615
山西省壶关	113.23	35.11	-1625
山西省潞城	113.22	36.33	-1627
山西省应县	113.18	39.58	-1637
山西省寿阳	113.17	37.88	-1639
山西省怀仁	113.1	39.82	-1656
山西省长治	113.08	36.18	-1661
山西省襄垣	113.02	36.55	-1675
山西省代县	112.97	39.07	-1687
山西省榆社	112.97	37.08	-1687
山西省定襄	112.95	38.5	-1692
山西省高平	112.88	35.48	-1709
山西省长子	112.87	36.13	-1711
山西省屯留	112.87	36.32	-1711
山西省武乡	112.83	36.83	-1721
山西省晋城	112.83	35.52	-1721
山西省山阴	112.82	39.52	-1723
山西省榆次	112.72	37.68	-1747
山西省忻县	112.7	38.38	-1752
山西省原平	112.7	38.73	-1752
山西省沁县	112.68	36.75	-1757
山西省左云	112.67	40.02	-1759
山西省阳曲	112.65	38.05	-1764
山西省太谷	112.53	37.42	-1793
山西省太原	112.53	37.87	-1793
山西省朔县	112.42	39.32	-1819
山西省阳城	112.38	35.84	-1829
山西省祁县	112.33	37.36	-1841
山西省右玉	112.33	40.18	-1841
山西省清徐	112.33	37.62	-1841
山西省沁源	112.32	36.5	-1843
山西省宁武	112.28	39	-1853
山西省安泽	112.2	36.15	-1872
山西省平遥	112.18	37.2	-1877
山西省神池	112.17	39.1	-1879
山西省沁水	112.15	35.67	-1884
山西省交城	112.14	37.55	-1886
山西省平鲁	112.12	39.53	-1891
山西省文水	112.02	37.42	-1915
山西省静乐	111.9	38.37	-1944
山西省古县	111.9	36.29	-1944
山西省介休	111.88	37.03	-1949
山西省浮山	111.83	35.97	-1961
山西省五寨	111.82	38.93	-1963
山西省孝义	111.8	37.12	-1968
山西省娄烦	111.78	38.05	-1973
山西省灵石	111.77	36.83	-1975
山西省汾阳	111.75	37.27	-1980
山西省霍县	111.72	36.57	-1987
山西省翼城	111.68	35.73	-1997
山西省洪洞	111.68	36.25	-1997
山西省垣曲	111.63	35.3	-2009
山西省岚县	111.62	38.28	-2011
山西省绛县	111.58	35.48	-2021
山西省岢岚	111.58	38.7	-2021
山西省汾西	111.53	36.63	-2033
山西省临汾	111.5	36.08	-2040
山西省偏关	111.47	39.45	-2047
山西省侯马	111.45	35.03	-2052
山西省襄汾	111.43	35.86	-2057
山西省曲沃	111.33	35.63	-2081
山西省方由	111.24	37.86	-2102
山西省夏县	111.22	35.12	-2107
山西省兴县	111.22	38.47	-2107
山西省新绛	111.22	35.62	-2107
山西省交口	111.2	36.97	-2112
山西省闻喜	111.2	35.37	-2112
山西省平陆	111.2	34.12	-2112
山西省河曲	111.17	39.38	-2119
山西省中阳	111.17	37.37	-2119
山西省离石	111.13	37.53	-2129
山西省保德	111.09	38.01	-2138
山西省蒲县	111.07	36.42	-2143
山西省运城	110.97	35.03	-2167
山西省稷山	110.97	35.6	-2167
山西省临县	110.95	37.95	-2172
山西省柳林	110.85	37.45	-2196
山西省万荣	110.83	110.83	-2201
山西省石楼	110.83	37	-2201
山西省乡宁	110.8	35.97	-2208
山西省临猗	110.78	35.15	-2213
山西省大宁	110.72	36.47	-2227
山西省河津	110.7	35.58	-2232
山西省芮城	110.68	34.71	-2237
山西省吉县	110.65	36.12	-2244
山西省永和	110.64	36.62	-2246
山西省永济	110.42	34.88	-2299
湖北省黄梅	115.93	30.09	-977
湖北省英山	115.57	30.75	-1063
湖北省广济	115.56	29.85	-1066
湖北省罗川	115.37	30.79	-1111
湖北省蕲春	115.3	30.24	-1128
湖北省浠水	115.22	30.46	-1147
湖北省阳新	115.22	29.83	-1147
湖北省黄石	115.09	30.2	-1178
湖北省麻城	115	31.17	-1200
湖北省黄冈	114.87	30.44	-1231
湖北省鄂城	114.87	30.38	-1231
湖北省新洲	114.8	31.84	-1248
湖北省红安	114.61	31.29	-1294
湖北省通山	114.52	29.6	-1315
湖北省黄陂	114.36	30.88	-1354
湖北省武昌	114.33	30.35	-1361
湖北省武汉	114.31	30.52	-1366
湖北省咸宁	114.28	29.87	-1373
湖北省大悟	114.09	31.56	-1418
湖北省崇阳	114.04	29.54	-1430
湖北省汉阳	114.02	30.57	-1435
湖北省孝感	113.91	31.92	-1462
湖北省嘉鱼	113.91	29.97	-1462
湖北省蒲圻	113.85	29.71	-1476
湖北省应山	113.81	31.62	-1486
湖北省通城	113.8	29.23	-1488
湖北省云梦	113.73	31.02	-1505
湖北省安陆	113.69	31.25	-1514
湖北省应城	113.6	30.94	-1536
湖北省汉川	113.59	30.63	-1538
湖北省广水	113.48	31.37	-1565
湖北省随州	113.22	31.42	-1627
湖北省京山	113.11	31.03	-1654
湖北省监利	112.9	29.83	-1704
湖北省钟祥	112.58	31.17	-1781
湖北省石首	112.41	29.73	-1822
湖北省沙市	112.24	30.32	-1862
湖北省荆门	112.19	31.02	-1874
湖北省江陵	112.18	30.35	-1877
湖北省襄樊	112.14	30.02	-1886
湖北省宜昌	111.3	30.7	-2088
湖北省十堰	110.79	32.65	-2210
黑龙江省抚远	134.15	48.33	3396
黑龙江省饶河	134	46.78	3360
黑龙江省虎林	133.97	45.75	3353
黑龙江省同江	132.5	47.67	3000
黑龙江省宝清	132.17	46.33	2921
黑龙江省富锦	132.02	47.23	2885
黑龙江省密山	131.85	45.53	2844
黑龙江省绥滨	131.83	47.3	2839
黑龙江省双鸭山	131.17	46.65	2681
黑龙江省绥芬河	131.17	44.38	2681
黑龙江省集贤	131.13	46.7	2671
黑龙江省东宁	131.12	44.07	2669
黑龙江省鸡东	131.04	45.27	2650
黑龙江省鸡四	130.97	45.3	2633
黑龙江省萝北	130.83	47.58	2599
黑龙江省七台河	130.83	45.82	2599
黑龙江省桦川	130.68	47.02	2563
黑龙江省桦南	130.53	46.25	2527
黑龙江省勃利	130.53	45.75	2527
黑龙江省穆棱	130.5	44.9	2520
黑龙江省佳木斯	130.35	46.83	2484
黑龙江省鹤岗	130.3	47.33	2472
黑龙江省林口	130.23	45.3	2455
黑龙江省嘉荫	130	48.93	2400
黑龙江省汤源	129.92	46.73	2381
黑龙江省牡丹江	129.58	44.6	2299
黑龙江省依兰	129.55	46.33	2292
黑龙江省宁安	129.47	44.35	2273
黑龙江省海林	129.35	44.57	2244
黑龙江省伊春	128.92	47.73	2141
黑龙江省方正	128.8	45.83	2112
黑龙江省通河	128.7	45.98	2088
黑龙江省逊克	128.42	49.57	2021
黑龙江省延寿	128.35	45.47	2004
黑龙江省铁力	128.08	47.98	1939
黑龙江省木兰	128.03	45.95	1927
黑龙江省尚志	127.95	45.22	1908
黑龙江省黑河	127.53	50.22	1807
黑龙江省爱辉	127.53	50.22	1807
黑龙江省庆安	127.5	46.87	1800
黑龙江省孙吴	127.5	49.22	1800
黑龙江省宾县	127.48	45.75	1795
黑龙江省巴彦	127.38	46.08	1771
黑龙江省五常	127.17	44.93	1721
黑龙江省绥棱	127.12	47.22	1709
黑龙江省绥化	127	46.63	1680
黑龙江省海伦	126.97	47.47	1673
黑龙江省阿城	126.95	45.52	1668
黑龙江省通北	126.8	49.76	1632
黑龙江省哈尔滨	126.63	45.75	1591
黑龙江省呼玛	126.6	51.72	1584
黑龙江省呼兰	126.58	46	1579
黑龙江省望奎	126.5	46.83	1560
黑龙江省北安	126.5	48.22	1560
黑龙江省双城	126.32	45.53	1517
黑龙江省兰西	126.3	46.28	1512
黑龙江省克东	126.22	48.03	1493
黑龙江省德都	126.17	48.5	1481
黑龙江省青岗	126.13	46.68	1471
黑龙江省拜泉	126.07	47.62	1457
黑龙江省肇东	125.98	46.07	1435
黑龙江省明水	125.88	47.18	1411
黑龙江省克山	125.87	48.03	1409
黑龙江省安达	125.33	46.42	1279
黑龙江省依安	125.3	47.92	1272
黑龙江省肇州	125.25	45.72	1260
黑龙江省嫩江	125.2	49.17	1248
黑龙江省肇源	125.07	45.53	1217
黑龙江省大庆	125.03	46.58	1207
黑龙江省林甸	124.87	47.18	1169
黑龙江省讷河	124.85	48.48	1164
黑龙江省塔河	124.7	52.32	1128
黑龙江省杜尔伯特	124.44	46.86	1066
黑龙江省富裕	124.4	47.8	1056
黑龙江省加格达奇	124.07	50.42	977
黑龙江省齐齐哈尔	123.97	47.33	953
黑龙江省甘南	123.48	47.9	835
黑龙江省泰来	123.45	46.4	828
黑龙江省龙江	123.18	47.35	763
黑龙江省漠河	122.37	53.48	569
江西省玉山	118.25	28.68	-420
江西省广丰	118.2	28.45	-432
江西省上饶	117.97	28.47	-487
江西省婺源	117.83	29.25	-521
江西省铅山	117.71	28.32	-550
江西省横峰	117.62	28.42	-571
江西省德兴	117.58	28.96	-581
江西省弋阳	117.43	28.42	-617
江西省景德镇	117.22	29.3	-667
江西省贵溪	117.2	28.3	-672
江西省乐平	117.12	28.97	-691
江西省万年	117.08	28.7	-701
江西省资溪	117.06	27.7	-706
江西省鹰潭	117.02	28.23	-715
江西省黎川	116.91	27.3	-742
江西省余江	116.82	28.22	-763
江西省金溪	116.77	27.92	-775
江西省于干	116.69	28.7	-794
江西省波阳	116.68	29	-797
江西省南城	116.62	27.56	-811
江西省东乡	116.61	28.23	-814
江西省彭泽	116.56	29.9	-826
江西省南丰	116.52	27.22	-835
江西省抚州	116.34	28	-878
江西省石城	116.32	26.34	-883
江西省广昌	116.32	26.84	-883
江西省临川	116.29	27.95	-890
江西省进贤	116.26	28.37	-898
江西省湖口	116.23	29.75	-905
江西省宜黄	116.2	27.55	-912
江西省都昌	116.19	29.29	-914
江西省崇仁	116.05	27.75	-948
江西省星子	116.03	29.47	-953
江西省瑞金	116.02	25.89	-955
江西省宁都	116	26.46	-960
江西省九江	115.97	29.71	-967
江西省南昌	115.89	28.68	-986
江西省乐安	115.82	27.44	-1003
江西省永修	115.82	29.04	-1003
江西省新建	115.8	28.69	-1008
江西省会昌	115.79	25.58	-1010
江西省德安	115.75	29.33	-1020
江西省丰城	115.7	28.19	-1032
江西省瑞昌	115.65	29.68	-1044
江西省寻乌	115.64	24.96	-1046
江西省安义	115.55	28.86	-1068
江西省清江	115.54	28.07	-1070
江西省永丰	115.42	27.33	-1099
江西省安远	115.41	25.15	-1102
江西省新干	115.4	27.77	-1104
江西省于都	115.39	25.96	-1106
江西省奉新	115.38	28.71	-1109
江西省高安	115.38	28.42	-1109
江西省靖安	115.37	28.88	-1111
江西省兴国	115.33	26.32	-1121
江西省峡江	115.15	27.56	-1164
江西省吉水	115.14	27.22	-1166
江西省武宁	115.09	29.26	-1178
江西省定南	115.02	24.7	-1195
江西省吉安	114.97	27.12	-1207
江西省信丰	114.94	25.39	-1214
江西省新余	114.92	27.81	-1219
江西省赣州	114.92	25.85	-1219
江西省上高	114.91	28.25	-1222
江西省泰和	114.88	26.81	-1229
江西省龙南	114.79	24.91	-1250
江西省宜丰	114.78	28.4	-1253
江西省万安	114.77	26.47	-1255
江西省南康	114.75	25.66	-1260
江西省分宜	114.68	27.82	-1277
江西省安福	114.62	27.39	-1291
江西省上犹	114.55	25.8	-1308
江西省修永	114.55	29.04	-1308
江西省全南	114.53	24.76	-1313
江西省遂川	114.5	26.33	-1320
江西省万载	114.44	28.11	-1334
江西省宜春	114.38	27.81	-1349
江西省铜鼓	114.37	28.53	-1351
江西省大余	114.36	25.39	-1354
江西省崇义	114.31	25.69	-1366
江西省永新	114.23	26.96	-1385
江西省井冈山	114.17	26.57	-1399
江西省赣县	114.02	25.85	-1435
江西省宁冈	113.97	26.71	-1447
江西省莲花	113.94	27.14	-1454
江西省萍乡	113.85	27.6	-1476
内蒙古莫力达瓦达斡尔族自治旗	124.5	48.47	1080
内蒙古鄂伦春自治旗	123.7	50.58	888
内蒙古阿荣旗	123.5	48.13	840
内蒙古科尔沁左翼中旗	123.28	44.13	787
内蒙古布特哈旗	122.78	47.98	667
内蒙古科尔沁左翼后旗	122.35	42.97	564
内蒙古通辽	122.28	43.63	547
内蒙古乌兰浩特	122.08	46.07	499
内蒙古科尔沁右翼前旗	122.03	46.12	487
内蒙古库伦旗	121.75	42.72	420
内蒙古额尔古纳左旗	121.52	50.8	365
内蒙古突泉	121.5	45.4	360
内蒙古科尔沁右翼中旗	121.47	45.05	353
内蒙古开鲁	121.32	43.62	317
内蒙古扎鲁特旗	120.87	44.55	209
内蒙古喜桂图旗	120.73	49.3	175
内蒙古奈曼旗	120.65	42.85	156
内蒙古额尔古纳右旗	120.08	50.45	19
内蒙古阿鲁科尔沁旗	120.05	43.97	12
内蒙古敖汉旗	119.87	42.3	-31
内蒙古鄂温克族自治旗	119.75	49.13	-60
内蒙古海拉尔	119.73	49.12	-65
内蒙古陈巴尔虎旗	119.45	49.33	-132
内蒙古巴林左旗	119.35	43.98	-156
内蒙古宁城	119.32	41.62	-163
内蒙古翁牛特旗	119	42.97	-240
内蒙古赤峰	118.87	42.28	-271
内蒙古喀喇沁旗	118.67	41.95	-319
内蒙古巴林右旗	118.65	43.52	-324
内蒙古新巴尔虎右旗	118.23	48.22	-425
内蒙古林西	118.02	43.62	-475
内蒙古西乌珠穆沁旗	117.58	44.6	-581
内蒙古克什克腾旗	117.48	43.28	-605
内蒙古满洲里	117.47	49.58	-607
内蒙古东乌珠穆沁旗	116.97	45.53	-727
内蒙古新巴尔虎左旗	116.82	48.67	-763
内蒙古多伦	116.48	42.18	-845
内蒙古阿巴哈纳尔旗	116.08	43.95	-941
内蒙古正蓝旗	116.02	42.25	-955
内蒙古太仆寺旗	115.3	41.9	-1128
内蒙古正镶白旗	115	42.32	-1200
内蒙古阿巴嘎旗	114.97	44.03	-1207
内蒙古化德	114	41.9	-1440
内蒙古兴和	113.97	40.88	-1447
内蒙古镶黄旗	113.83	42.25	-1481
内蒙古苏尼特左旗	113.7	43.85	-1512
内蒙古商都	113.53	41.58	-1553
内蒙古察哈尔右翼前旗	113.18	40.78	-1637
内蒙古丰镇	113.15	40.45	-1644
内蒙古察哈尔右翼后旗	113.15	41.85	-1644
内蒙古集宁	113.08	41.03	-1661
内蒙古苏尼特右旗	112.95	42.47	-1692
内蒙古察哈尔右翼中旗	112.62	41.28	-1771
内蒙古卓资	112.52	40.93	-1795
内蒙古凉城	112.48	40.52	-1805
内蒙古二连浩特	111.96	43.65	-1930
内蒙古和林格尔	111.8	40.4	-1968
内蒙古四子王旗	111.68	41.37	-1997
内蒙古清水河	111.65	39.92	-2004
内蒙古呼和浩特	111.65	40.82	-2004
内蒙古武川	111.42	41.12	-2059
内蒙古托克托	111.15	40.28	-2124
内蒙古上默特左旗	111.13	40.72	-2129
内蒙古准格尔旗	111.13	39.68	-2129
内蒙古上默特右旗	110.52	40.55	-2275
内蒙古达尔罕茂明安联合旗	110.42	41.72	-2299
内蒙古固阳	110.03	41.03	-2393
内蒙古达拉特旗	110.02	40.42	-2395
内蒙古包头	110	40.58	-2400
内蒙古伊克昭盟	110	39.83	-2400
内蒙古东胜县	110	39.83	-2400
内蒙古伊金霍洛旗	109.77	39.25	-2455
内蒙古乌审旗	109.03	38.38	-2633
内蒙古杭锦旗	108.7	39.83	-2712
内蒙古乌拉特前旗	108.65	40.75	-2724
内蒙古乌拉特后旗	108.52	40.88	-2755
内蒙古乌拉特中旗	108.52	41.55	-2755
内蒙古五原	108.28	41.12	-2813
内蒙古鄂托克旗	107.97	39.12	-2887
内蒙古鄂托克前旗	107.43	38.18	-3017
内蒙古临河	107.37	40.78	-3031
内蒙古杭锦后旗	107.12	40.88	-3091
内蒙古磴口	106.98	40.33	-3125
内蒙古乌海	106.82	39.67	-3163
内蒙古阿拉善左旗	105.68	38.85	-3437
内蒙古阿拉善右旗	101.68	39.2	-4397
内蒙古额济纳旗	100.88	41.9	-4589
湖南省宜章	113.96	25.41	-1450
湖南省桂东	113.91	25.08	-1462
湖南省酃县	113.77	26.49	-1495
湖南省汝城	113.68	25.54	-1517
湖南省浏阳	113.63	28.16	-1529
湖南省平江	113.56	29.71	-1546
湖南省茶陵	113.54	26.79	-1550
湖南省醴陵	113.5	27.67	-1560
湖南省临湘	113.42	29.48	-1579
湖南省资兴	113.39	25.95	-1586
湖南省攸县	113.32	27.01	-1603
湖南省安仁	113.27	26.71	-1615
湖南省株洲	113.16	27.83	-1642
湖南省永兴	113.11	26.13	-1654
湖南省岳阳	113.09	29.37	-1658
湖南省泪罗	113.05	28.8	-1668
湖南省郴州	113	25.79	-1680
湖南省长沙	113	28.21	-1680
湖南省郴县	113	25.79	-1680
湖南省衡东	112.95	27.1	-1692
湖南省湘潭	112.91	27.87	-1702
湖南省湘阴	112.87	28.68	-1711
湖南省衡山	112.86	27.25	-1714
湖南省来阳	112.84	26.41	-1718
湖南省望城	112.8	28.37	-1728
湖南省桂阳	112.72	25.73	-1747
湖南省衡南	112.61	26.89	-1774
湖南省衡阳（大，东）	112.61	26.89	-1774
湖南省华容	112.55	29.52	-1788
湖南省临武	112.55	25.27	-1788
湖南省宁乡	112.55	28.27	-1788
湖南省湘乡	112.5	27.75	-1800
湖南省南县	112.39	29.37	-1826
湖南省衡阳（小，西）	112.39	26.98	-1826
湖南省常宁	112.39	26.38	-1826
湖南省沅江	112.36	28.83	-1834
湖南省嘉禾	112.35	25.56	-1836
湖南省益阳	112.33	28.6	-1841
湖南省新田	112.21	25.91	-1870
湖南省双峰	112.18	27.44	-1877
湖南省蓝山	112.16	25.37	-1882
湖南省安乡	112.16	29.41	-1882
湖南省祁东	112.14	26.8	-1886
湖南省桃江	112.11	28.51	-1894
湖南省汉寿	111.97	28.9	-1927
湖南省娄底	111.96	27.71	-1930
湖南省宁远	111.95	25.6	-1932
湖南省津市	111.87	29.64	-1951
湖南省祁阳	111.85	26.59	-1956
湖南省江华	111.79	24.97	-1970
湖南省澧县	111.75	29.65	-1980
湖南省邵东	111.73	27.25	-1985
湖南省常德	111.69	29.05	-1994
湖南省涟源	111.66	27.68	-2002
湖南省双牌	111.64	25.96	-2006
湖南省临澧	111.64	29.44	-2006
湖南省零陵	111.63	26.22	-2009
湖南省永州	111.63	26.22	-2009
湖南省道县	111.57	25.52	-2023
湖南省邵阳	111.5	27.22	-2040
湖南省桃源	111.47	28.9	-2047
湖南省新邵	111.46	27.33	-2050
湖南省冷水江	111.41	27.68	-2062
湖南省石门	111.35	29.59	-2076
湖南省江永	111.33	25.41	-2081
湖南省新化	111.29	27.73	-2090
湖南省东安	111.28	26.41	-2093
湖南省安化	111.2	28.38	-2112
湖南省慈利	111.09	29.41	-2138
湖南省隆回	111.04	27.13	-2150
湖南省新宁	110.84	26.44	-2198
湖南省泸溪	110.73	28.29	-2225
湖南省武冈	110.61	26.73	-2254
湖南省溆浦	110.57	27.92	-2263
湖南省洞口	110.57	27.06	-2263
湖南省大庸	110.48	29.13	-2285
湖南省沅陵	110.39	28.46	-2306
湖南省城步	110.3	26.37	-2328
湖南省辰溪	110.18	28.02	-2357
湖南省桑植	110.16	29.38	-2362
湖南省黔阳	110.14	27.33	-2366
湖南省绥宁	110.14	25.59	-2366
湖南省洪江	109.96	27.1	-2410
湖南省怀化	109.95	27.52	-2412
湖南省古丈	109.91	28.62	-2422
湖南省永顺	109.84	29	-2438
湖南省麻阳	109.79	27.87	-2450
湖南省芷江	109.78	27.44	-2453
湖南省通道	109.77	26.16	-2455
湖南省吉首	109.71	28.3	-2470
湖南省会同	109.71	26.86	-2470
湖南省靖县	109.68	26.57	-2477
湖南省保靖	109.64	28.7	-2486
湖南省花垣	109.46	28.59	-2530
湖南省凤凰	109.43	27.92	-2537
湖南省龙山	109.42	29.64	-2539
湖南省新晃	109.16	27.37	-2602
新疆维吾尔自治区伊吾	94.65	43.28	-6084
新疆维吾尔自治区哈密	93.44	42.78	-6374
新疆维吾尔自治区巴里坤	93	43.6	-6480
新疆维吾尔自治区青河	90.37	46.71	-7111
新疆维吾尔自治区木垒	90.34	43.8	-7118
新疆维吾尔自治区鄯善	90.25	42.82	-7140
新疆维吾尔自治区奇台	89.52	44.02	-7315
新疆维吾尔自治区富蕴	89.44	47.05	-7334
新疆维吾尔自治区吐鲁番	89.19	42.91	-7394
新疆维吾尔自治区吉木萨尔	89.14	44	-7406
新疆维吾尔自治区托克逊	88.63	42.77	-7529
新疆维吾尔自治区阿勒泰	88.14	47.86	-7646
新疆维吾尔自治区阜康	87.94	44.14	-7694
新疆维吾尔自治区乌鲁木齐	87.68	43.77	-7757
新疆维吾尔自治区米泉	87.68	43.97	-7757
新疆维吾尔自治区福海	87.51	47.15	-7798
新疆维吾尔自治区昌吉	87.31	44.05	-7846
新疆维吾尔自治区布尔津	86.92	47.7	-7939
新疆维吾尔自治区呼图壁	86.92	44.18	-7939
新疆维吾尔自治区和硕	86.84	42.23	-7958
新疆维吾尔自治区焉耆	86.55	42.05	-8028
新疆维吾尔自治区博湖	86.53	41.95	-8033
新疆维吾尔自治区哈巴河	86.41	48.05	-8062
新疆维吾尔自治区和静	86.35	42.31	-8076
新疆维吾尔自治区尉梨	86.24	41.36	-8102
新疆维吾尔自治区玛纳斯	86.22	44.28	-8107
新疆维吾尔自治区库尔勒	86.06	41.68	-8146
新疆维吾尔自治区石河子	85.94	44.27	-8174
新疆维吾尔自治区吉木乃	85.84	47.42	-8198
新疆维吾尔自治区沙湾	85.56	44.29	-8266
新疆维吾尔自治区和布克赛尔	85.13	46.78	-8369
新疆维吾尔自治区奎屯	84.89	44.45	-8426
新疆维吾尔自治区伊犁	84.8	44.4	-8448
新疆维吾尔自治区克拉玛依	84.77	45.59	-8455
新疆维吾尔自治区乌苏	84.62	44.45	-8491
新疆维吾尔自治区轮台	84.25	41.77	-8580
新疆维吾尔自治区额敏	83.62	46.52	-8731
新疆维吾尔自治区托里	83.59	45.92	-8738
新疆维吾尔自治区新源	83.27	43.41	-8815
新疆维吾尔自治区库车	82.97	41.68	-8887
新疆维吾尔自治区塔城	82.96	46.74	-8890
新疆维吾尔自治区裕民	82.94	46.21	-8894
新疆维吾尔自治区精河	82.92	44.67	-8899
新疆维吾尔自治区沙雅	82.9	41.25	-8904
新疆维吾尔自治区民丰	82.63	37.07	-8969
新疆维吾尔自治区新和	82.63	41.55	-8969
新疆维吾尔自治区尼勒克	82.53	43.82	-8993
新疆维吾尔自治区巩留	82.23	43.35	-9065
新疆维吾尔自治区博乐	82.1	44.93	-9096
新疆维吾尔自治区拜城	81.84	41.82	-9158
新疆维吾尔自治区特克斯	81.81	43.23	-9166
新疆维吾尔自治区于田	81.63	36.86	-9209
新疆维吾尔自治区伊宁	81.33	43.91	-9281
新疆维吾尔自治区察布察尔	81.12	43.82	-9331
新疆维吾尔自治区昭苏	81.08	43.15	-9341
新疆维吾尔自治区温泉	81.08	44.95	-9341
新疆维吾尔自治区霍城	80.87	44.07	-9391
新疆维吾尔自治区策勒	80.78	37.04	-9413
新疆维吾尔自治区阿瓦提	80.34	40.64	-9518
新疆维吾尔自治区阿克苏	80.29	41.15	-9530
新疆维吾尔自治区温宿	80.24	41.29	-9542
新疆维吾尔自治区洛浦	80.17	37.12	-9559
新疆维吾尔自治区和田	79.94	37.12	-9614
新疆维吾尔自治区墨玉	79.74	37.31	-9662
新疆维吾尔自治区乌什	79.25	41.22	-9780
新疆维吾尔自治区柯平	79.06	40.55	-9826
新疆维吾尔自治区巴楚	78.59	39.78	-9938
新疆维吾尔自治区阿合奇	78.42	41.91	-9979
新疆维吾尔自治区皮山	78.29	37.06	-10010
新疆维吾尔自治区麦盖提	77.62	38.95	-10171
新疆维吾尔自治区叶城	77.42	37.89	-10219
新疆维吾尔自治区泽普	77.26	38.2	-10258
新疆维吾尔自治区莎车	77.25	38.45	-10260
新疆维吾尔自治区枷师	76.78	39.46	-10373
新疆维吾尔自治区乐普湖	76.67	39.23	-10399
新疆维吾尔自治区英吉沙	76.17	38.91	-10519
新疆维吾尔自治区阿图什	76.12	39.73	-10531
新疆维吾尔自治区疏勒	76.05	39.41	-10548
新疆维吾尔自治区咯什	75.94	39.52	-10574
新疆维吾尔自治区阿克陶	75.94	39.14	-10574
新疆维吾尔自治区疏附	75.83	39.42	-10601
新疆维吾尔自治区塔什库尔干	75.22	37.76	-10747
新疆维吾尔自治区乌恰	75.18	39.7	-10757
广东省南澳	117.03	23.44	-713
广东省饶平	116.93	23.7	-737
广东省澄海	116.8	23.48	-768
广东省大埔	116.7	24.34	-792
广东省汕头	116.69	23.39	-794
广东省潮安	116.63	23.68	-809
广东省潮州	116.63	23.68	-809
广东省潮阳	116.61	23.27	-814
广东省揭阳	116.35	23.55	-876
广东省惠来	116.29	23.07	-890
广东省丰顺	116.18	23.78	-917
广东省蕉岭	116.18	24.66	-917
广东省普宁	116.17	23.29	-919
广东省梅县	116.1	24.55	-936
广东省梅州	116.1	24.55	-936
广东省平远	115.9	24.59	-984
广东省陆丰	115.84	22.95	-998
广东省揭西	115.82	23.45	-1003
广东省兴宁	115.75	24.15	-1020
广东省五华	115.75	23.93	-1020
广东省海丰	115.33	22.98	-1121
广东省龙川	115.25	24.09	-1140
广东省紫金	115.18	23.64	-1157
广东省和平	114.89	24.45	-1226
广东省惠东	114.7	22.97	-1272
广东省河源	114.68	23.73	-1277
广东省连平	114.48	24.39	-1325
广东省惠州	114.4	23.09	-1344
广东省惠阳	114.4	23.09	-1344
广东省南雄	114.33	25.14	-1361
广东省博罗	114.28	23.18	-1373
广东省龙门	114.25	23.75	-1380
广东省新十	114.2	24.09	-1392
广东省翁源	114.13	24.36	-1409
广东省始兴	114.08	24.78	-1421
广东省深圳	114.07	22.62	-1423
广东省宝安	113.85	22.58	-1476
广东省增城	113.81	23.13	-1486
广东省东莞	113.75	23.04	-1500
广东省仁化	113.73	25.11	-1505
广东省韶关	113.62	24.84	-1531
广东省曲江	113.58	24.68	-1541
广东省从化	113.55	23.57	-1548
广东省佛岗	113.52	23.86	-1555
广东省珠海	113.52	22.3	-1555
广东省英德	113.38	24.17	-1589
广东省中山	113.38	22.52	-1589
广东省番禺	113.36	22.95	-1594
广东省乐昌	113.35	25.14	-1596
广东省斗门	113.25	22.2	-1620
广东省顺德	113.24	22.84	-1622
广东省广州	113.23	23.16	-1625
广东省花县	113.19	23.4	-1634
广东省南海	113.11	23.05	-1654
广东省佛山	113.11	23.05	-1654
广东省江门	113.06	22.61	-1666
广东省新会	113.02	22.52	-1675
广东省清远	113.01	23.7	-1678
广东省鹤山	112.94	22.76	-1694
广东省三水	112.89	23.18	-1706
广东省台山	112.78	22.27	-1733
广东省高明	112.76	21.71	-1738
广东省四会	112.68	23.36	-1757
广东省开平	112.68	22.36	-1757
广东省阳山	112.65	24.48	-1764
广东省肇庆	112.44	23.05	-1814
广东省高要	112.44	23.05	-1814
广东省广宁	112.43	23.14	-1817
广东省连县	112.4	24.77	-1824
广东省恩平	112.29	22.21	-1850
广东省连南	112.28	24.77	-1853
广东省新兴	112.2	22.68	-1872
广东省怀集	112.18	23.93	-1877
广东省连山	112.07	24.59	-1903
广东省云浮	112.02	22.93	-1915
广东省阳江	111.95	21.85	-1932
广东省阳春	111.78	22.16	-1973
广东省德庆	111.75	23.15	-1980
广东省罗定	111.56	22.77	-2026
广东省郁南	111.51	23.23	-2038
广东省封开	111.48	23.45	-2045
广东省电白	110.99	21.52	-2162
广东省信宜	110.9	22.36	-2184
广东省茂名	110.88	21.68	-2189
广东省高州	110.83	21.95	-2201
广东省吴川	110.78	21.43	-2213
广东省化州	110.59	21.64	-2258
广东省湛江	110.3	21.2	-2328
广东省廉江	110.27	21.63	-2335
广东省遂溪	110.24	21.39	-2342
广东省徐闻	110.17	20.34	-2359
广东省海康	110.07	20.91	-2383
广东省雷州	110.04	20.54	-2390
贵州省铜仁	109.21	27.73	-2590
贵州省天柱	109.2	26.89	-2592
贵州省万山	109.2	27.52	-2592
贵州省松桃	109.18	28.17	-2597
贵州省锦屏	109.18	26.7	-2597
贵州省黎平	109.14	26.24	-2606
贵州省玉屏	108.91	27.24	-2662
贵州省从江	108.9	25.76	-2664
贵州省江口	108.82	27.68	-2683
贵州省岑巩	108.72	27.21	-2707
贵州省三穗	108.68	26.98	-2717
贵州省剑河	108.58	26.64	-2741
贵州省榕江	108.5	25.94	-2760
贵州省沿河	108.48	28.57	-2765
贵州省镇远	108.41	27.06	-2782
贵州省印江	108.41	28.02	-2782
贵州省台江	108.32	26.68	-2803
贵州省师阡	108.24	27.52	-2822
贵州省思南	108.23	27.94	-2825
贵州省德江	108.13	28.27	-2849
贵州省施秉	108.11	27.03	-2854
贵州省雷山	108.07	26.38	-2863
贵州省凯里	107.97	26.59	-2887
贵州省黄平	107.89	26.89	-2906
贵州省余庆	107.88	27.22	-2909
贵州省荔波	107.88	25.42	-2909
贵州省务川	107.87	28.54	-2911
贵州省三都	107.86	26	-2914
贵州省丹寨	107.79	26.21	-2930
贵州省凤冈	107.72	27.97	-2947
贵州省道真	107.6	28.89	-2976
贵州省麻江	107.58	26.49	-2981
贵州省平塘	107.55	25.83	-2988
贵州省独山	107.54	25.84	-2990
贵州省都匀	107.53	26.72	-2993
贵州省福泉	107.51	26.7	-2998
贵州省湄潭	107.5	27.76	-3000
贵州省瓮安	107.48	27.08	-3005
贵州省正安	107.43	28.56	-3017
贵州省贵定	107.22	26.58	-3067
贵州省绥阳	107.19	27.95	-3074
贵州省龙里	106.98	26.46	-3125
贵州省开阳	106.95	27.06	-3132
贵州省遵义	106.9	27.7	-3144
贵州省桐梓	106.8	28.16	-3168
贵州省罗甸	106.74	25.43	-3182
贵州省息烽	106.73	27.1	-3185
贵州省贵阳	106.71	26.57	-3190
贵州省惠水	106.66	26.14	-3202
贵州省修文	106.59	26.84	-3218
贵州省清镇	106.46	26.56	-3250
贵州省长顺	106.45	26.03	-3252
贵州省仁怀	106.41	27.81	-3262
贵州省平坝	106.26	26.42	-3298
贵州省金沙	106.22	27.46	-3307
贵州省习水	106.2	28.33	-3312
贵州省望谟	106.09	25.17	-3338
贵州省紫云	106.06	25.75	-3346
贵州省黔西	106.04	27.03	-3350
贵州省安顺	105.92	26.25	-3379
贵州省册亭	105.79	25	-3410
贵州省织金	105.76	26.66	-3418
贵州省普定	105.75	26.32	-3420
贵州省镇宁	105.75	26.08	-3420
贵州省赤水	105.69	28.57	-3434
贵州省贞丰	105.63	25.39	-3449
贵州省关岭	105.62	25.94	-3451
贵州省大方	105.61	27.16	-3454
贵州省安龙	105.49	25.11	-3482
贵州省六枝	105.47	26.21	-3487
贵州省钠雍	105.38	26.77	-3509
贵州省毕节	105.29	27.32	-3530
贵州省晴龙	105.21	25.83	-3550
贵州省兴仁	105.18	25.44	-3557
贵州省普安	104.96	25.79	-3610
贵州省兴义	104.91	25.1	-3622
贵州省水城	104.82	26.58	-3643
贵州省六盘水	104.82	26.58	-3643
贵州省赫章	104.71	27.13	-3670
贵州省盘县	104.64	25.81	-3686
贵州省威宁	104.28	26.87	-3773
云南省富宁	105.6	23.62	-3456
云南省广南	105.09	24.05	-3578
云南省威信	105.05	27.85	-3588
云南省镇雄	104.86	27.42	-3634
云南省麻栗坡	104.71	23.12	-3670
云南省西畴	104.68	23.42	-3677
云南省陆良	104.64	25.04	-3686
云南省马关	104.4	23.01	-3744
云南省永富	104.38	28.62	-3749
云南省砚山	104.35	23.62	-3756
云南省罗平	104.3	24.88	-3768
云南省盐津	104.28	28.08	-3773
云南省富源	104.24	25.67	-3782
云南省文山	104.24	23.37	-3782
云南省丘北	104.19	24.03	-3794
云南省宣威	104.09	26.24	-3818
云南省彝良	104.06	27.61	-3826
云南省河口	103.98	22.52	-3845
云南省绥江	103.97	28.58	-3847
云南省师宗	103.97	24.85	-3847
云南省大关	103.91	27.74	-3862
云南省沽益	103.82	25.62	-3883
云南省曲靖	103.79	25.51	-3890
云南省泸西	103.76	24.52	-3898
云南省昭通	103.7	29.32	-3912
云南省屏边	103.67	22.68	-3919
云南省永善	103.63	28.22	-3929
云南省马龙	103.61	25.41	-3934
云南省鲁甸	103.54	27.21	-3950
云南省弥勒	103.43	24.41	-3977
云南省蒙自	103.41	23.36	-3982
云南省会泽	103.27	26.41	-4015
云南省寻甸	103.25	25.56	-4020
云南省金平	103.24	22.77	-4022
云南省路南	103.24	24.77	-4022
云南省开远	103.23	23.7	-4025
云南省宜良	103.12	24.9	-4051
云南省嵩明	103.03	25.35	-4073
云南省华宁	102.93	24.26	-4097
云南省巧家	102.92	26.9	-4099
云南省澄江	102.91	24.68	-4102
云南省元阳	102.81	23.17	-4126
云南省呈贡	102.79	24.9	-4130
云南省建水	102.79	23.64	-4130
云南省通海	102.75	24.09	-4140
云南省江川	102.73	24.27	-4145
云南省昆明	102.73	25.04	-4145
云南省晋宁	102.58	24.68	-4181
云南省玉溪	102.52	24.35	-4195
云南省富民	102.48	25.21	-4205
云南省石屏	102.48	23.73	-4205
云南省禄劝	102.45	25.58	-4212
云南省安宁	102.44	24.95	-4214
云南省个旧	102.43	23.35	-4217
云南省红河	102.42	23.35	-4219
云南省绿春	102.42	23.01	-4219
云南省峨山	102.38	24.16	-4229
云南省武定	102.36	25.55	-4234
云南省易门	102.15	24.67	-4284
云南省禄丰	102.08	25.15	-4301
云南省元江	102	23.59	-4320
云南省新平	101.98	24.06	-4325
云南省江城	101.88	22.58	-4349
云南省元谋	101.85	25.7	-4356
云南省黑江	101.71	23.4	-4390
云南省永仁	101.7	26.07	-4392
云南省双柏	101.67	24.68	-4399
云南省牟定	101.58	25.32	-4421
云南省勐腊	101.56	21.48	-4426
云南省楚雄	101.54	25.01	-4430
云南省大姚	101.34	25.73	-4478
云南省南华	101.26	25.21	-4498
云南省华坪	101.24	26.63	-4502
云南省姚安	101.24	25.4	-4502
云南省普洱	101	22.79	-4560
云南省镇沅	100.88	23.9	-4589
云南省景东	100.82	24.42	-4603
云南省宁蒗	100.82	27.29	-4603
云南省景洪	100.79	22	-4610
云南省永胜	100.76	26.71	-4618
云南省景谷	100.71	23.5	-4630
云南省祥云	100.56	25.48	-4666
云南省宾川	100.55	25.82	-4668
云南省弥渡	100.52	25.34	-4675
云南省南涧	100.51	25.04	-4678
云南省勐海	100.5	21.95	-4680
云南省巍山	100.33	25.23	-4721
云南省丽江	100.25	26.86	-4740
云南省下关	100.24	25.45	-4742
云南省大理	100.19	25.69	-4754
云南省鹤庆	100.18	26.55	-4757
云南省云县	100.12	24.44	-4771
云南省临沦	100.09	23.88	-4778
云南省漾濞	99.98	25.68	-4805
云南省澜沦	99.97	22.55	-4807
云南省洱源	99.94	26.1	-4814
云南省凤庆	99.92	24.58	-4819
云南省剑川	99.88	26.53	-4829
云南省双江	99.85	23.45	-4836
云南省中甸	99.72	27.78	-4867
云南省昌宁	99.61	24.82	-4894
云南省孟连	99.55	22.32	-4908
云南省永平	99.52	25.45	-4915
云南省西盟	99.47	22.73	-4927
云南省耿马	99.41	23.56	-4942
云南省云龙	99.39	25.9	-4946
云南省兰坪	99.29	26.49	-4970
云南省维西	99.27	27.15	-4975
云南省永德	99.25	24.03	-4980
云南省沧源	99.24	23.15	-4982
云南省保由	99.18	25.12	-4997
云南省施甸	99.15	24.69	-5004
云南省镇康	99.02	23.92	-5035
云南省碧江	98.95	26.55	-5052
云南省德钦	98.93	28.49	-5057
云南省福贡	98.92	26.89	-5059
云南省泸水	98.82	25.97	-5083
云南省龙陵	98.7	24.58	-5112
云南省贡山	98.65	27.73	-5124
云南省潞西	98.6	24.41	-5136
云南省腾冲	98.51	25.01	-5158
云南省梁河	98.3	24.78	-5208
云南省畹町	98.08	24.08	-5261
云南省陇川	97.96	24.33	-5290
云南省盈江	97.93	24.69	-5297
云南省瑞丽	97.83	24	-5321
西藏自治区芒康	98.68	29.64	-5117
西藏自治区贡觉	98.29	30.86	-5210
西藏自治区左贡	97.9	29.68	-5304
西藏自治区察雅	97.56	30.69	-5386
西藏自治区察隅	97.49	28.62	-5402
西藏自治区吕都	97.14	31.18	-5486
西藏自治区八宿	96.95	30.04	-5532
西藏自治区类乌齐	96.57	31.2	-5623
西藏自治区洛隆	95.76	30.81	-5818
西藏自治区波密	95.75	29.92	-5820
西藏自治区丁青	95.63	31.42	-5849
西藏自治区墨脱	95.26	29.22	-5938
西藏自治区边坝	94.69	30.94	-6074
西藏自治区林芝	94.25	29.59	-6180
西藏自治区米林	94.13	29.18	-6209
西藏自治区巴青	94.1	31.96	-6216
西藏自治区索县	93.71	31.92	-6310
西藏自治区比如	93.68	31.53	-6317
西藏自治区嘉黎	93.46	30.63	-6370
西藏自治区工布江达	93.25	29.92	-6420
西藏自治区朗县	93.11	29.06	-6454
西藏自治区加查	92.6	29.09	-6576
西藏自治区隆子	92.42	28.46	-6619
西藏自治区聂荣	92.3	31.08	-6648
西藏自治区曲松	92.11	29.08	-6694
西藏自治区那曲	92.1	31.47	-6696
西藏自治区桑日	92	29.26	-6720
西藏自治区错那	91.91	27.98	-6742
西藏自治区墨竹工卡	91.77	29.77	-6775
西藏自治区乃东	91.76	29.18	-6778
西藏自治区安多	91.68	32.29	-6797
西藏自治区穷结	91.65	29.04	-6804
西藏自治区措美	91.4	28.49	-6864
西藏自治区达孜	91.39	29.63	-6866
西藏自治区扎囊	91.26	29.22	-6898
西藏自治区林周	91.24	30.2	-6902
西藏自治区拉萨	91.11	29.97	-6934
西藏自治区当雄	91.05	30.51	-6948
西藏自治区贡嘎	90.96	29.25	-6970
西藏自治区堆龙德庆	90.96	29.67	-6970
西藏自治区洛扎	90.83	28.42	-7001
西藏自治区曲水	90.7	29.39	-7032
西藏自治区浪卡子	90.33	29.96	-7121
西藏自治区尼木	90.14	29.44	-7166
西藏自治区班戈	90.05	31.35	-7188
西藏自治区仁布	89.77	29.21	-7255
西藏自治区康马	89.67	28.57	-7279
西藏自治区江孜	89.63	28.94	-7289
西藏自治区江达	89.19	31.53	-7394
西藏自治区白朗	89.16	29.11	-7402
西藏自治区南木林	89.02	29.71	-7435
西藏自治区亚东	88.93	27.55	-7457
西藏自治区日喀则	88.82	29.28	-7483
西藏自治区申扎	88.7	30.94	-7512
西藏自治区岗巴	88.5	28.29	-7560
西藏自治区谢通门	88.25	29.43	-7620
西藏自治区萨迦	88	28.87	-7680
西藏自治区定结	87.77	28.38	-7735
西藏自治区拉孜	87.62	29.1	-7771
西藏自治区昂仁	87.22	29.3	-7867
西藏自治区定日	87.11	28.57	-7894
西藏自治区聂拉木	85.94	28.19	-8174
西藏自治区萨嘎	85.3	29.38	-8328
西藏自治区吉隆	85.29	28.94	-8330
西藏自治区措勤	85.16	31.06	-8362
西藏自治区仲巴	84.15	29.66	-8604
西藏自治区改则	84.1	32.33	-8616
西藏自治区普兰	81.18	30.37	-9317
西藏自治区革吉	81.13	32.45	-9329
西藏自治区噶尔	80	32.08	-9600
西藏自治区扎达	79.76	31.47	-9658
西藏自治区日上	79.61	33.44	-9694
广西壮族自治区贺县	111.54	24.44	-2030
广西壮族自治区梧州	111.34	23.51	-2078
广西壮族自治区钟山	111.3	24.53	-2088
广西壮族自治区苍悟	111.22	23.51	-2107
广西壮族自治区灌阳	111.14	25.49	-2126
广西壮族自治区全州	111.06	25.96	-2146
广西壮族自治区岑溪	111	22.95	-2160
广西壮族自治区藤县	110.9	23.36	-2184
广西壮族自治区恭城	110.81	24.85	-2206
广西壮族自治区昭平	110.8	24.18	-2208
广西壮族自治区资源	110.66	26.03	-2242
广西壮族自治区兴安	110.66	25.6	-2242
广西壮族自治区平乐	110.66	24.64	-2242
广西壮族自治区蒙山	110.54	24.22	-2270
广西壮族自治区容县	110.53	22.87	-2273
广西壮族自治区平南	110.4	23.55	-2304
广西壮族自治区荔浦	110.38	24.51	-2309
广西壮族自治区灵川	110.33	25.42	-2321
广西壮族自治区北流	110.33	22.71	-2321
广西壮族自治区桂林	110.28	25.29	-2333
广西壮族自治区富川	110.26	24.83	-2338
广西壮族自治区陆川	110.25	22.33	-2340
广西壮族自治区临桂	110.22	25.22	-2347
广西壮族自治区金秀	110.18	24.14	-2357
广西壮族自治区玉林	110.14	22.64	-2366
广西壮族自治区桂平	110.07	23.38	-2383
广西壮族自治区龙胜	110.02	25.78	-2395
广西壮族自治区博白	109.98	22.27	-2405
广西壮族自治区永福	109.98	24.99	-2405
广西壮族自治区鹿寨	109.74	24.49	-2462
广西壮族自治区象州	109.7	23.98	-2472
广西壮族自治区武宜	109.66	23.6	-2482
广西壮族自治区贵县	109.6	23.11	-2496
广西壮族自治区三江	109.58	25.8	-2501
广西壮族自治区浦北	109.56	22.27	-2506
广西壮族自治区柳州	109.4	24.33	-2544
广西壮族自治区融安	109.37	24.24	-2551
广西壮族自治区柳江	109.34	24.27	-2558
广西壮族自治区灵山	109.29	22.44	-2570
广西壮族自治区来宾	109.24	23.76	-2582
广西壮族自治区融水	109.24	25.07	-2582
广西壮族自治区柳城	109.24	24.67	-2582
广西壮族自治区合浦	109.2	21.33	-2592
广西壮族自治区横县	109.2	22.69	-2592
广西壮族自治区北海	109.12	21.49	-2611
广西壮族自治区罗城	108.9	24.79	-2664
广西壮族自治区合山	108.89	23.82	-2666
广西壮族自治区宾阳	108.8	23.22	-2688
广西壮族自治区忻城	108.66	24.07	-2722
广西壮族自治区宜山	108.64	24.47	-2726
广西壮族自治区钦州	108.61	21.96	-2734
广西壮族自治区上林	108.59	23.44	-2738
广西壮族自治区邕宁	108.49	22.74	-2762
广西壮族自治区防城	108.35	21.78	-2796
广西壮族自治区南宁	108.33	22.84	-2801
广西壮族自治区武鸣	108.27	23.17	-2815
广西壮族自治区环江	108.26	24.83	-2818
广西壮族自治区马山	108.2	23.73	-2832
广西壮族自治区都安	108.09	23.94	-2858
广西壮族自治区河池	108.06	24.7	-2866
广西壮族自治区上思	107.98	22.16	-2885
广西壮族自治区扶绥	107.92	22.65	-2899
广西壮族自治区隆安	107.68	23.18	-2957
广西壮族自治区平果	107.59	23.33	-2978
广西壮族自治区南丹	107.54	24.98	-2990
广西壮族自治区崇左	107.37	22.42	-3031
广西壮族自治区东兰	107.36	24.53	-3034
广西壮族自治区巴马	107.25	24.15	-3060
广西壮族自治区大新	107.21	22.85	-3070
广西壮族自治区天峨	107.16	25.01	-3082
广西壮族自治区天等	107.12	23.08	-3091
广西壮族自治区田东	107.12	23.62	-3091
广西壮族自治区宁明	107.08	22.12	-3101
广西壮族自治区凤山	107.05	24.55	-3108
广西壮族自治区田阳	106.9	23.75	-3144
广西壮族自治区龙州	106.84	22.36	-3158
广西壮族自治区凭祥	106.75	22.11	-3180
广西壮族自治区百色	106.62	23.91	-3211
广西壮族自治区德保	106.6	23.34	-3216
广西壮族自治区乐业	106.56	24.78	-3226
广西壮族自治区凌云	106.55	24.35	-3228
广西壮族自治区靖西	106.41	23.15	-3262
广西壮族自治区田林	106.24	24.31	-3302
广西壮族自治区那坡	105.85	23.42	-3396
广西壮族自治区隆林	105.34	24.8	-3518
广西壮族自治区西林	105.08	24.51	-3581
甘肃省庄宁	108.43	35.5	-2777
甘肃省合水	108.02	35.81	-2875
甘肃省华池	108	36.44	-2880
甘肃省宁县	107.94	35.17	-2894
甘肃省庆阳	107.88	36.03	-2909
甘肃省灵台	107.61	35.1	-2974
甘肃省泾川	107.38	35.31	-3029
甘肃省环县	107.33	36.57	-3041
甘肃省镇源	107.22	35.7	-3067
甘肃省崇信	107.05	35.27	-3108
甘肃省平凉	106.68	35.51	-3197
甘肃省华亭	106.65	35.21	-3204
甘肃省两当	106.28	33.9	-3293
甘肃省张家川	106.23	35	-3305
甘肃省清水	106.12	34.73	-3331
甘肃省徽县	106.11	33.78	-3334
甘肃省庄浪	106.06	35.2	-3346
甘肃省静宁	105.73	35.51	-3425
甘肃省成县	105.7	33.75	-3432
甘肃省秦安	105.69	34.89	-3434
甘肃省天水	105.69	34.6	-3434
甘肃省康县	105.58	33.33	-3461
甘肃省甘谷	105.35	34.7	-3516
甘肃省西和	105.28	34.02	-3533
甘肃省通渭	105.27	35.24	-3535
甘肃省礼县	105.15	34.22	-3564
甘肃省会宁	105.08	35.72	-3581
甘肃省武都	104.94	33.43	-3614
甘肃省武山	104.88	34.69	-3629
甘肃省靖远	104.71	36.54	-3670
甘肃省文县	104.7	32.95	-3672
甘肃省陇西	104.61	34.98	-3694
甘肃省定西	104.57	35.57	-3703
甘肃省漳县	104.48	34.87	-3725
甘肃省宕昌	104.38	34.06	-3749
甘肃省舟曲	104.38	33.81	-3749
甘肃省渭源	104.19	35.17	-3794
甘肃省榆中	104.09	35.87	-3818
甘肃省景泰	104.05	37.14	-3828
甘肃省岷县	104.04	34.41	-3830
甘肃省皋兰	103.97	36.32	-3847
甘肃省临洮	103.88	35.39	-3869
甘肃省兰州	103.73	36.03	-3905
甘肃省康乐	103.68	35.39	-3917
甘肃省广河	103.54	35.46	-3950
甘肃省卓尼	103.54	34.61	-3950
甘肃省东乡	103.39	35.68	-3986
甘肃省临潭	103.35	34.69	-3996
甘肃省永靖	103.34	35.97	-3998
甘肃省和政	103.31	35.43	-4006
甘肃省永登	103.25	36.73	-4020
甘肃省迭部	103.23	34.08	-4025
甘肃省临夏	103.22	35.62	-4027
甘肃省民勤	103.08	38.62	-4061
甘肃省古浪	102.86	37.43	-4114
甘肃省积石山	102.85	35.74	-4116
甘肃省天祝	102.84	37.24	-4118
甘肃省武威	102.61	37.94	-4174
甘肃省碌曲	102.5	34.6	-4200
甘肃省下河	102.46	35.21	-4210
甘肃省玛曲	102.04	33.97	-4310
甘肃省永昌	101.94	38.23	-4334
甘肃省山丹	101.19	38.79	-4514
甘肃省民乐	100.85	38.43	-4596
甘肃省张掖	100.46	38.93	-4690
甘肃省临泽	100.17	39.14	-4759
甘肃省高台	99.84	39.14	-4838
甘肃省肃南	99.57	38.86	-4903
甘肃省金塔	98.92	39.97	-5059
甘肃省酒泉	98.5	39.71	-5160
甘肃省玉门	97.58	39.81	-5381
甘肃省安西	95.77	40.51	-5815
甘肃省肃北	94.89	39.49	-6026
甘肃省敦煌	94.71	40.13	-6070
甘肃省阿克塞	94.25	38.46	-6180
青海省民和	102.8	36.3	-4128
青海省循化	102.46	35.84	-4210
青海省乐都	102.38	36.49	-4229
青海省化隆	102.3	36.11	-4248
青海省平安	102.09	36.47	-4298
青海省同仁	102	35.54	-4320
青海省尖扎	102	35.92	-4320
青海省互助	101.95	36.84	-4332
青海省西宁	101.74	36.56	-4382
青海省大通	101.67	36.92	-4399
青海省河南	101.62	34.75	-4411
青海省门源	101.62	37.37	-4411
青海省湟中	101.57	36.49	-4423
青海省泽库	101.5	35.03	-4440
青海省贵德	101.47	36.02	-4447
青海省久治	101.47	33.46	-4447
青海省湟源	101.28	36.72	-4493
青海省海晏	100.99	36.89	-4562
青海省贵南	100.75	35.57	-4620
青海省班玛	100.73	32.92	-4625
青海省同德	100.63	35.24	-4649
青海省共和	100.61	36.27	-4654
青海省玛沁	100.26	34.49	-4738
青海省祁连	100.22	38.2	-4747
青海省刚察	100.17	37.32	-4759
青海省兴海	99.99	35.6	-4802
青海省甘德	99.89	33.95	-4826
青海省达日	99.68	33.74	-4877
青海省天峻	99.03	37.28	-5033
青海省乌兰	98.46	36.9	-5170
青海省玛多	98.26	34.92	-5218
青海省都兰	98.13	36.3	-5249
青海省称多	97.12	33.35	-5491
青海省玉树	96.97	33.03	-5527
青海省囊谦	96.47	32.23	-5647
青海省治多	95.6	33.86	-5856
青海省曲麻菜	95.5	34.52	-5880
青海省杂多	95.3	32.92	-5928
青海省格尔木	94.9	36.41	-6024
宁夏回族自治区盐池	107.41	37.78	-3022
宁夏回族自治区陶乐	106.69	38.82	-3194
宁夏回族自治区平罗	106.54	38.91	-3230
宁夏回族自治区石嘴山	106.39	39.04	-3266
宁夏回族自治区贺兰	106.35	38.55	-3276
宁夏回族自治区灵武	106.34	38.1	-3278
宁夏回族自治区泾源	106.33	35.5	-3281
宁夏回族自治区固原	106.28	36.01	-3293
宁夏回族自治区银川	106.27	38.47	-3295
宁夏回族自治区永宁	106.24	38.28	-3302
宁夏回族自治区吴忠	106.21	37.99	-3310
宁夏回族自治区隆德	106.11	35.63	-3334
宁夏回族自治区青铜峡	106.07	38.02	-3343
宁夏回族自治区同心	105.94	36.97	-3374
宁夏回族自治区西吉	105.7	35.97	-3432
宁夏回族自治区中宁	105.66	37.48	-3442
宁夏回族自治区海原	105.64	36.56	-3446
宁夏回族自治区中卫	105.18	37.51	-3557
海南省文昌	110.72	19.61	-2227
海南省琼海	110.46	19.25	-2290
海南省万宁	110.39	18.8	-2306
海南省海口	110.35	20.02	-2316
海南省琼山	110.33	19.98	-2321
海南省定安	110.31	19.68	-2326
海南省屯昌	110.1	19.36	-2376
海南省陵水	110.02	18.48	-2395
海南省澄迈	110	19.75	-2400
海南省琼中	109.83	19.05	-2441
海南省保亭	109.7	18.64	-2472
海南省临高	109.69	19.91	-2474
海南省儋县	109.57	19.52	-2503
海南省崖县	109.5	18.25	-2520
海南省白沙	109.44	19.23	-2534
海南省三亚	109.31	18.14	-2566
海南省乐东	109.17	18.73	-2599
海南省昌江	109.03	19.25	-2633
海南省东方	108.64	19.09	-2726
陕西省府谷	111.07	39.05	-2143
陕西省商南	110.88	33.54	-2189
陕西省吴堡	110.73	37.49	-2225
陕西省神木	110.51	38.83	-2278
陕西省佳县	110.48	38.04	-2285
陕西省韩城	110.45	35.47	-2292
陕西省丹凤	110.35	33.71	-2316
陕西省潼关	110.25	34.56	-2340
陕西省绥德	110.24	37.49	-2342
陕西省米脂	110.23	37.78	-2345
陕西省延川	110.18	36.87	-2357
陕西省清涧	110.15	37.11	-2364
陕西省洛南	110.15	34.11	-2364
陕西省宜川	110.15	36.04	-2364
陕西省合阳	110.15	35.24	-2364
陕西省华阴	110.09	34.58	-2378
陕西省白河	110.06	32.83	-2386
陕西省子洲	110.05	37.45	-2388
陕西省延长	110.02	36.59	-2395
陕西省商县	109.96	33.88	-2410
陕西省人荔	109.96	34.82	-2410
陕西省成城	109.93	35.2	-2417
陕西省山阳	109.91	33.55	-2422
陕西省黄龙	109.86	35.6	-2434
陕西省华县	109.77	34.53	-2455
陕西省榆林	109.77	38.3	-2455
陕西省子长	109.65	37.16	-2484
陕西省白水	109.6	35.18	-2496
陕西省蒲城	109.59	34.97	-2498
陕西省镇坪	109.51	31.91	-2518
陕西省渭南	109.5	34.52	-2520
陕西省延安	109.47	36.6	-2527
陕西省洛川	109.42	35.76	-2539
陕西省甘泉	109.37	36.29	-2551
陕西省平利	109.37	32.41	-2551
陕西省富县	109.37	36	-2551
陕西省旬阳	109.35	32.83	-2556
陕西省安寨	109.34	36.88	-2558
陕西省蓝田	109.32	34.17	-2563
陕西省横山	109.32	37.97	-2563
陕西省黄陵	109.27	35.6	-2575
陕西省临潼	109.22	34.38	-2587
陕西省富平	109.17	34.76	-2599
陕西省镇安	109.16	33.45	-2602
陕西省柞水	109.14	33.69	-2606
陕西省铜川	109.11	35.09	-2614
陕西省宜君	109.11	35.43	-2614
陕西省高陵	109.1	34.55	-2616
陕西省安康	109.02	32.7	-2635
陕西省耀县	108.98	34.91	-2645
陕西省长安	108.97	34.18	-2647
陕西省西安	108.95	34.27	-2652
陕西省三原	108.94	34.62	-2654
陕西省岚皋	108.89	32.3	-2666
陕西省泾阳	108.84	34.53	-2678
陕西省靖边	108.79	37.61	-2690
陕西省志丹	108.78	36.84	-2693
陕西省咸阳	108.72	34.36	-2707
陕西省户县	108.61	34.12	-2734
陕西省淳化	108.57	34.81	-2743
陕西省紫阳	108.55	32.56	-2748
陕西省汉阴	108.53	32.9	-2753
陕西省兴平	108.49	34.32	-2762
陕西省礼泉	108.43	34.5	-2777
陕西省旬邑	108.33	35.13	-2801
陕西省宁陕	108.33	33.34	-2801
陕西省石泉	108.26	33.05	-2818
陕西省乾县	108.25	34.54	-2820
陕西省武功	108.22	34.28	-2827
陕西省吴旗	108.22	36.93	-2827
陕西省周至	108.22	34.18	-2827
陕西省永寿	108.14	34.71	-2846
陕西省彬县	108.09	35.04	-2858
陕西省汉中	108.04	33.07	-2870
陕西省佛坪	108	33.55	-2880
陕西省镇巴	107.91	32.56	-2902
陕西省扶风	107.87	34.38	-2911
陕西省长武	107.8	35.22	-2928
陕西省麟游	107.8	34.69	-2928
陕西省西乡	107.77	33	-2935
陕西省眉县	107.76	34.29	-2938
陕西省岐山	107.63	34.46	-2969
陕西省定边	107.59	37.6	-2978
陕西省洋县	107.56	33.23	-2986
陕西省凤翔	107.39	34.53	-3026
陕西省城固	107.32	33.16	-3043
陕西省太白	107.3	34.09	-3048
陕西省宝鸡	107.15	34.38	-3084
陕西省千阳	107.13	34.65	-3089
陕西省留坝	106.95	33.65	-3132
陕西省南郑	106.93	33	-3137
陕西省陇县	106.86	34.91	-3154
陕西省勉县	106.68	33.16	-3197
陕西省凤县	106.51	33.93	-3238
陕西省宁强	106.25	32.82	-3300
陕西省略阳	106.16	33.34	-3322
